0
0
0
0
0
0
0
0
0
0
0
0
0
0
0
0
0
0
0
0
0
0
0
0
0
0
0
0
0
0
0
0
0
0
0
0
0
0
0
0
0
250.4
250.4
246.154
246.154
242.424
242.424
238.806
238.806
235.294
231.884
228.571
225.352
225.352
222.222
222.222
219.178
219.178
219.178
219.178
219.178
219.178
222.222
222.222
222.222
222.222
225.352
225.352
228.571
228.571
228.571
228.571
228.571
0
0
0
0
0
0
0
0
0
0
0
0
0
0
0
0
0
0
0
262.295
262.295
258.065
258.065
253.968
253.968
253.968
250
250
250
250
253.968
253.968
253.968
253.968
253.968
253.968
253.968
253.968
253.968
253.968
253.968
253.968
253.968
250
250
250
250
246.154
246.154
242.424
242.424
238.806
238.806
235.294
235.294
235.294
231.884
231.884
231.884
228.571
228.571
228.571
228.571
225.352
222.222
219.178
210.526
205.128
197.531
190.476
188.235
186.047
186.047
183.908
183.908
183.908
0
0
0
0
0
0
0
0
0
0
0
0
222.222
222.222
213.333
210.526
205.128
202.532
202.532
200
200
200
200
197.531
197.531
197.531
193.371
192.186
192.186
191.138
189.684
188.24
186.906
185.823
184.521
0
0
0
200
200
197.531
195.122
195.122
195.122
195.122
195.122
195.122
195.122
197.531
197.531
197.531
200
200
205.965
205.965
210.526
213.333
216.216
216.216
216.216
219.178
219.178
222.222
222.222
222.222
222.222
225.352
225.352
225.352
225.352
225.352
225.352
225.352
225.352
228.571
228.571
225.352
0
0
0
0
0
0
216.216
216.216
216.216
213.333
213.333
210.526
210.526
207.792
207.792
205.128
205.128
202.532
202.532
202.532
202.532
200
0
0
0
0
0
0
0
0
0
0
0
0
0
0
0
0
0
0
0
0
0
0
0
186.047
186.047
186.047
186.047
186.047
186.047
183.908
183.908
183.908
183.908
183.908
183.908
183.908
183.908
183.908
183.908
183.908
183.908
183.908
183.908
183.908
183.908
183.908
183.908
183.908
183.908
183.908
183.908
183.908
183.908
183.908
183.908
183.908
183.908
183.908
186.047
186.047
186.047
186.047
186.047
186.047
186.047
186.047
186.047
188.235
188.235
188.235
188.235
188.235
188.235
188.235
188.235
188.235
188.235
188.235
188.235
188.235
188.235
188.235
188.235
188.235
188.235
186.047
183.908
183.908
0
0
0
0
0
0
0
0
0
0
0
0
0
0
0
0
0
0
0
0
0
0
0
0
0
0
0
0
0
0
202.532
202.532
200
200
200
200
200
200
200
200
200
200
200
202.532
202.532
202.532
205.128
207.792
207.792
210.526
210.526
210.526
213.333
213.333
213.333
213.333
213.333
213.333
213.333
213.333
210.526
210.526
210.526
213.333
213.333
0
0
0
0
0
0
0
0
0
0
0
0
0
0
0
0
0
0
0
0
0
0
0
0
0
0
0
0
0
0
0
0
0
0
0
0
0
0
0
0
192.771
192.771
192.771
192.771
192.771
190.476
190.476
190.476
190.476
190.476
190.476
190.476
190.476
190.476
190.476
190.476
188.235
188.235
188.235
188.235
188.235
186.047
186.047
186.047
186.047
186.047
186.047
186.047
186.047
186.047
186.047
186.047
186.047
188.235
188.235
188.235
188.235
188.235
190.476
190.476
190.476
190.476
192.771
192.771
192.771
192.771
192.771
192.771
192.771
192.771
192.771
192.771
192.771
190.476
188.235
0
0
0
0
0
0
0
0
0
0
0
0
0
0
0
0
0
0
0
0
0
0
0
0
0
0
0
0
0
0
210.526
210.526
210.526
210.526
210.526
210.526
210.526
210.526
202.532
0
0
0
0
0
0
0
0
0
0
0
0
0
0
0
0
0
0
0
0
0
0
0
0
0
0
190.476
190.476
190.476
190.476
188.235
188.235
188.235
186.047
186.047
186.047
186.047
186.047
186.047
186.047
183.908
183.908
183.908
183.908
181.818
179.775
179.775
181.818
181.818
181.818
181.818
181.818
179.775
179.775
179.775
179.775
179.775
177.778
177.778
177.778
177.778
177.778
177.778
175.824
175.824
175.824
175.824
173.913
173.913
173.913
173.913
172.043
172.043
172.043
172.043
172.043
172.043
172.043
172.043
173.913
175.824
175.824
175.824
175.824
175.824
175.824
175.824
175.824
173.913
173.913
173.913
173.913
173.913
173.913
0
0
0
0
0
0
0
0
0
0
0
0
0
0
0
0
0
0
0
0
0
0
0
0
0
0
0
0
0
0
0
0
0
0
0
0
0
0
0
0
0
0
