280.702
280.702
235.294
235.294
235.294
231.884
228.571
225.352
222.222
219.178
219.178
216.216
216.216
216.216
213.333
213.333
213.333
216.216
216.216
219.178
219.178
222.222
222.222
225.352
225.352
228.571
228.571
231.884
210.526
197.531
313.725
271.186
266.667
246.154
242.424
242.424
242.424
242.424
242.424
246.154
246.154
246.154
246.154
246.154
250
250
250
250
250
250
250
250
246.154
246.154
246.154
246.154
246.154
246.154
242.424
238.806
238.806
235.294
235.294
231.884
231.884
228.571
228.571
225.352
225.352
225.352
222.222
222.222
219.178
210.526
207.792
197.531
192.771
188.235
188.235
186.047
183.908
181.818
183.908
181.818
183.908
186.047
179.775
173.913
228.571
235.294
231.884
200
197.531
197.531
197.531
195.122
192.771
173.913
172.043
173.913
163.265
161.616
161.616
155.34
149.533
145.455
145.455
216.216
228.571
235.294
213.333
200
192.771
190.476
190.476
190.476
190.476
190.476
190.476
192.771
195.122
195.122
197.531
200
202.532
202.532
205.128
207.792
210.526
210.526
213.333
216.216
216.216
216.216
216.216
216.216
219.178
219.178
219.178
222.222
222.222
222.222
225.352
222.222
222.222
216.216
235.294
235.294
222.222
216.216
207.792
205.128
205.128
202.532
200
200
200
200
197.531
195.122
190.476
186.047
186.047
173.913
141.593
205.128
183.908
181.818
181.818
181.818
181.818
181.818
179.775
179.775
179.775
181.818
179.775
181.818
181.818
181.818
181.818
181.818
181.818
181.818
181.818
181.818
179.775
179.775
179.775
181.818
179.775
179.775
179.775
181.818
179.775
179.775
181.818
181.818
181.818
181.818
181.818
181.818
181.818
183.908
183.908
183.908
183.908
183.908
183.908
183.908
183.908
183.908
186.047
186.047
186.047
188.235
188.235
186.047
183.908
183.908
183.908
183.908
186.047
183.908
177.778
183.908
181.818
181.818
188.235
186.047
222.222
200
197.531
197.531
195.122
195.122
195.122
195.122
195.122
195.122
195.122
195.122
197.531
197.531
197.531
200
200
202.532
205.128
207.792
207.792
210.526
210.526
210.526
210.526
207.792
205.128
205.128
205.128
207.792
123.077
123.077
126.984
136.752
136.752
145.455
195.122
192.771
190.476
188.235
188.235
188.235
186.047
186.047
186.047
186.047
186.047
186.047
188.235
188.235
188.235
188.235
186.047
188.235
186.047
186.047
183.908
181.818
181.818
181.818
181.818
181.818
181.818
181.818
181.818
183.908
183.908
183.908
183.908
183.908
183.908
186.047
186.047
186.047
186.047
186.047
186.047
188.235
188.235
190.476
190.476
190.476
190.476
190.476
190.476
190.476
186.047
186.047
183.908
186.047
188.235
183.908
164.948
164.948
213.333
213.333
216.216
210.526
192.771
166.667
163.265
155.34
155.34
136.752
231.884
228.571
192.771
192.771
190.476
183.908
183.908
183.908
181.818
181.818
181.818
181.818
181.818
181.818
181.818
181.818
177.778
155.34
155.34
156.863
156.863
161.616
166.667
177.778
179.775
179.775
177.778
177.778
177.778
177.778
175.824
175.824
175.824
173.913
173.913
173.913
173.913
173.913
173.913
173.913
172.043
172.043
172.043
172.043
172.043
170.213
168.421
168.421
166.667
166.667
168.421
166.667
172.043
170.213
173.913
173.913
173.913
175.824
175.824
173.913
172.043
172.043
172.043
172.043
172.043
166.667
161.616
160
177.778
