0.2875
0.51625
0.5925
0.745
0.745
0.745
0.745
0.745
0.745
0.745
0.728
0.711
0.694
0.694
0.694
0.711
0.728
0.745
0.745
0.745
0.745
0.779
0.813
0.813
0.813
0.813
0.779
0.745
0.745
0.762
0.779
0.796
0.796
0.813
0.813
0.813
0.813
0.83
0.813
0.813
0.796
0.779
0.779
0.796
0.779
0.779
0.779
0.762
0.745
0.745
0.745
0.745
0.745
0.728
0.711
0.694
0.677
0.66
0.677
0.694
0.711
0.728
0.745
0.745
0.745
0.745
0.745
0.745
0.745
0.745
0.745
0.745
0.745
0.745
0.728
0.711
0.677
0.643
0.609
0.575
0.541
0.524
0.507
0.49
0.49
0.507
0.524
0.541
0.558
0.575
0.609
0.643
0.677
0.711
0.745
0.762
0.779
0.796
0.813
0.83
0.83
0.83
0.796
0.779
0.779
0.762
0.745
0.745
0.728
0.711
0.711
0.711
0.728
0.745
0.762
0.762
0.762
0.762
0.779
0.779
0.779
0.796
0.796
0.779
0.762
0.762
0.745
0.745
0.745
0.745
0.745
0.745
0.745
0.762
0.762
0.779
0.796
0.813
0.813
0.83
0.83
0.813
0.813
0.796
0.779
0.762
0.762
0.728
0.728
0.711
0.711
0.711
0.728
0.728
0.745
0.745
0.745
0.745
0.745
0.745
0.745
0.745
0.745
0.745
0.711
0.677
0.643
0.609
0.609
0.626
0.643
0.66
0.694
0.694
0.711
0.728
0.745
0.745
0.745
0.745
0.745
0.745
0.745
0.745
0.745
0.745
0.745
0.745
0.745
0.745
0.745
0.745
0.745
0.745
0.745
0.745
0.745
0.745
0.745
0.745
0.745
0.745
0.745
0.745
0.745
0.728
0.728
0.728
0.728
0.728
0.745
0.745
0.762
0.779
0.796
0.796
0.796
0.779
0.762
0.728
0.711
0.694
0.677
0.643
0.626
0.609
0.592
0.575
0.575
0.592
0.609
0.626
0.66
0.694
0.711
0.728
0.745
0.745
0.745
0.745
0.745
0.745
0.745
0.745
0.745
0.745
0.745
0.745
0.745
0.745
0.745
0.745
0.745
0.745
0.745
0.745
0.745
0.745
0.745
0.745
0.762
0.779
0.796
0.813
0.83
0.83
0.83
0.83
0.83
0.813
0.796
0.779
0.762
0.745
0.745
0.745
0.745
0.745
0.745
0.745
0.762
0.779
0.796
0.813
0.83
0.813
0.813
0.813
0.796
0.779
0.779
0.762
0.745
0.745
0.745
0.745
0.745
0.745
0.745
0.745
0.745
0.745
0.745
0.745
0.745
0.745
0.745
0.745
0.745
0.745
0.745
0.745
0.745
0.745
0.745
0.745
0.745
0.745
0.745
0.745
0.745
0.745
0.745
0.745
0.745
0.745
0.745
0.745
0.745
0.762
0.796
0.83
0.864
0.898
0.915
0.898
0.881
0.881
0.881
0.864
0.864
0.864
0.847
0.83
0.813
0.796
0.779
0.762
0.745
0.745
0.745
0.745
0.745
0.745
0.762
0.796
0.813
0.83
0.847
0.847
0.83
0.83
0.83
0.83
0.83
0.83
0.83
0.83
0.83
0.83
0.813
0.813
0.813
0.813
0.796
0.796
0.779
0.762
0.745
0.745
0.745
0.745
0.745
0.745
0.745
0.745
0.745
0.745
0.745
0.745
0.745
0.745
0.745
0.745
0.745
0.745
0.745
0.745
0.711
0.609
0.507
0.26125
0.1175
