3519
3599
3679
3759
3839
3919
4000
4079
4159
4239
4319
4400
4480
4559
4639
4719
4799
4880
4960
5039
5119
5199
5279
5359
5440
5519
5599
5679
5759
5839
7359
7440
7519
7599
7679
7759
7839
7919
8000
8079
8159
8239
8319
8399
8479
8559
8639
8720
8800
8880
8960
9039
9119
9199
9279
9359
9439
9519
9599
9679
9760
9840
9920
10000
10079
10159
10239
10319
10399
10479
10559
10639
10719
10800
10880
10960
11039
11119
11199
11279
11359
11439
11519
11599
11679
11759
11840
11920
13039
13119
13199
13279
13359
13439
13519
13599
13679
13759
13840
13920
14000
14079
14159
14239
14319
14399
14479
14799
14880
14960
15039
15119
15199
15279
15359
15439
15519
15599
15679
15759
15839
15920
16000
16079
16159
16239
16319
16399
16479
16559
16639
16719
16799
16879
16959
17039
17119
17199
17279
17359
17440
17520
17600
17680
17760
17840
18479
18559
18639
18719
18799
18879
18959
19039
19119
19199
19279
19359
19439
19520
19600
19680
19760
19840
19920
21760
21840
21920
22000
22079
22159
22239
22319
22399
22479
22559
22639
22719
22799
22879
22959
23039
23119
23199
23279
23359
23439
23519
23600
23680
23760
23840
23920
24000
24079
24159
24239
24319
24399
24479
24559
24639
24719
24799
24879
24959
25039
25119
25199
25279
25359
25439
25519
25599
25680
25760
25840
25920
26000
26079
26159
26239
26319
26399
26479
26559
26639
26719
26799
26879
29279
29359
29439
29519
29599
29679
29760
29840
29920
30000
30079
30159
30239
30319
30399
30479
30559
30639
30719
30799
30879
30959
31039
31119
31199
31279
31359
31439
31519
31599
31679
31760
31840
31920
32000
32079
35279
35360
35439
35520
35599
35680
35759
35840
35919
36000
36079
36159
36239
36319
36399
36479
36559
36639
36719
36799
36880
36959
37040
37119
37200
37279
37360
37439
37520
37599
37680
37759
37840
37919
38000
38079
38159
38239
38319
38399
38479
38559
38639
38719
38799
38879
38959
39040
39119
39200
39279
39360
39439
39520
39599
39680
39759
39840
42159
42239
42319
42399
42479
42559
42639
42719
42799
42879
44799
44879
44959
45039
45119
45200
45279
45360
45439
45520
45599
45680
45759
45840
45919
46000
46079
46159
46239
46319
46399
46479
46559
46639
46719
46799
46879
46959
47039
47119
47200
47279
47360
47439
47520
47599
47680
47759
47840
47919
48000
48079
48159
48239
48319
48399
48479
48559
48639
48719
48799
48879
48959
49039
49119
49200
49279
49360
49439
49520
49599
49680
49759
49840
49919
50000
50079
50159
50239
