0.257925
0.277395
0.287228
0.303886
0.307898
0.309904
0.31191
0.31191
0.31191
0.31191
0.31191
0.31191
0.31191
0.31191
0.31191
0.31191
0.31191
0.31191
0.31191
0.31191
0.313916
0.315922
0.317928
0.319934
0.323946
0.325952
0.327958
0.329964
0.33197
0.33197
0.329964
0.327958
0.325952
0.323946
0.32194
0.32194
0.319934
0.317928
0.315922
0.313916
0.31191
0.31191
0.309904
0.305892
0.299874
0.293856
0.285832
0.28182
0.279814
0.277808
0.275802
0.275802
0.277808
0.279814
0.283826
0.287838
0.29185
0.293856
0.295862
0.297868
0.299874
0.30188
0.303886
0.305892
0.307898
0.309904
0.313916
0.313916
0.313916
0.313916
0.313916
0.31191
0.31191
0.31191
0.31191
0.31191
0.31191
0.31191
0.31191
0.31191
0.31191
0.31191
0.31191
0.31191
0.31191
0.31191
0.31191
0.31191
0.31191
0.313916
0.315922
0.315922
0.317928
0.319934
0.317928
0.319934
0.319934
0.317928
0.315922
0.315922
0.31191
0.31191
0.31191
0.31191
0.31191
0.31191
0.31191
0.31191
0.31191
0.31191
0.31191
0.31191
0.31191
0.31191
0.313916
0.315922
0.317928
0.319934
0.319934
0.317928
0.315922
0.313916
0.31191
0.31191
0.31191
0.31191
0.31191
0.31191
0.31191
0.31191
0.31191
0.31191
0.31191
0.31191
0.31191
0.313916
0.313916
0.313916
0.315922
0.315922
0.313916
0.313916
0.315922
0.313916
0.315922
0.315922
0.315922
0.313916
0.313916
0.31191
0.31191
0.31191
0.31191
0.309904
0.307898
0.305892
0.305892
0.305892
0.305892
0.307898
0.309904
0.309904
0.309904
0.309904
0.309904
0.309904
0.309904
0.309904
0.31191
0.31191
0.309904
0.307898
0.303886
0.30188
0.299874
0.297868
0.295862
0.295862
0.293856
0.29185
0.29185
0.293856
0.297868
0.30188
0.305892
0.309904
0.31191
0.31191
0.31191
0.31191
0.31191
0.31191
0.31191
0.31191
0.31191
0.31191
0.31191
0.31191
0.31191
0.31191
0.31191
0.31191
0.31191
0.31191
0.31191
0.31191
0.31191
0.31191
0.309904
0.307898
0.307898
0.307898
0.307898
0.309904
0.31191
0.31191
0.31191
0.31191
0.31191
0.31191
0.31191
0.31191
0.31191
0.31191
0.31191
0.31191
0.31191
0.31191
0.31191
0.31191
0.31191
0.31191
0.309904
0.307898
0.305892
0.303886
0.30188
0.30188
0.303886
0.305892
0.307898
0.309904
0.31191
0.31191
0.31191
0.31191
0.31191
0.31191
0.31191
0.31191
0.313916
0.317928
0.32194
0.325952
0.329964
0.33197
0.33197
0.329964
0.329964
0.329964
0.329964
0.329964
0.329964
0.327958
0.323946
0.319934
0.315922
0.313916
0.313916
0.313916
0.313916
0.315922
0.317928
0.317928
0.319934
0.32194
0.32194
0.32194
0.32194
0.32194
0.32194
0.32194
0.319934
0.317928
0.313916
0.307898
0.30188
0.299874
0.295862
0.293856
0.295862
0.297868
0.295862
0.297868
0.30188
0.303886
0.305892
0.309904
0.31191
0.31191
0.31191
0.31191
0.31191
0.31191
0.313916
0.315922
0.317928
0.317928
0.319934
0.319934
0.319934
0.319934
0.32194
0.32194
0.323946
0.323946
0.323946
0.323946
0.323946
0.32194
0.319934
0.315922
0.31191
0.309904
0.305892
0.303886
0.305892
0.307898
0.307898
0.31191
0.313916
0.313916
0.315922
0.315922
0.313916
0.313916
0.313916
0.309904
0.307898
0.305892
0.30188
0.297868
0.295862
0.293856
0.29185
0.293856
0.295862
0.297868
0.299874
0.303886
0.305892
0.309904
0.313916
0.317928
0.319934
0.319934
0.319934
0.317928
0.315922
0.313916
0.313916
0.31191
0.31191
0.31191
0.31191
0.31191
0.31191
0.31191
0.31191
0.31191
0.31191
0.31191
0.31191
0.31191
0.31191
0.31191
0.31191
0.31191
0.31191
0.31191
0.309904
0.307898
0.307898
0.305892
0.305892
0.307898
0.309904
0.309904
0.31191
0.31191
0.31191
0.31191
0.31191
0.31191
0.31191
0.309904
0.305892
0.30188
0.289844
0.275802
0.25232
0.23285
