3679
3759
3839
3919
4000
4079
4159
4239
4319
4400
4480
4559
4639
4719
4799
4880
4960
5039
5119
5199
5279
5359
5440
5519
5599
5679
5759
5839
5920
6000
6079
6159
6239
6319
6399
6480
6559
6639
6719
6799
6879
6960
7039
7119
7199
7279
7359
7440
7519
7599
7679
7759
7839
7919
8000
8079
8159
8239
8319
8399
8479
8559
8639
8720
8800
8880
8960
9039
10719
10800
10880
10960
11039
11119
11199
11279
11359
11439
11519
11599
11679
11759
11840
11920
12000
12079
15119
15199
15279
15359
15439
15519
15599
15679
16959
17039
17119
17199
17279
17359
17440
17520
17600
17680
17760
17840
19039
19119
19199
19279
19359
19439
19520
19600
19680
19760
19840
19920
20000
20079
20159
20239
20319
20399
20479
20559
20639
20719
20799
20879
20959
21039
21119
21199
21279
21359
21439
21520
21600
21680
21760
21840
21920
22000
23920
24000
24079
24159
24239
24319
24399
24479
24559
24639
24719
24799
24879
24959
25039
25119
25199
25279
25359
25439
25519
25599
25680
25760
25840
25920
26000
26079
26159
26239
26319
26399
26479
26559
26639
26719
26799
32079
32159
32239
32319
32399
32479
32559
32639
32719
32799
32880
32959
33040
33119
33200
33279
33360
33439
33520
33599
33680
33759
33840
33919
34000
34079
34159
34239
34319
34399
34479
34559
34639
34719
34799
34880
34959
35040
35119
35200
35279
35360
35439
35520
35599
35680
35759
35840
35919
36000
36079
36159
36239
36319
36399
36479
36559
36639
38000
38079
38159
38239
38319
38399
38479
38559
38639
38719
38799
38879
38959
40479
40559
40639
40719
40799
40879
40959
41040
41119
41200
41279
41360
41439
41520
41599
41680
41759
41840
41919
42000
42079
42159
42239
42319
42399
42479
42559
42639
42719
42799
42879
42959
43040
43119
43200
43279
43360
43439
43520
43599
44719
44799
44879
44959
45039
45119
45200
45279
45360
45439
45520
45599
45680
45759
45840
45919
46000
46079
46159
46239
46319
46399
46479
46559
46639
46719
46799
46879
46959
47039
47119
47200
47279
48799
48879
48959
49039
49119
49200
49279
49360
49439
49520
49599
49680
49759
49840
49919
50000
50079
50159
50239
50319
50399
50479
50559
51680
51759
51840
51919
52000
52079
52159
52239
52319
52399
52479
52559
52639
52719
52799
52879
52959
53039
53119
53199
53279
53360
53439
53520
53599
53680
53759
53840
53919
54000
54079
54159
54239
54319
54399
54479
54559
54639
54719
54799
54879
54959
55039
55119
55199
55279
55360
55439
55520
55599
55680
55759
55840
55919
