0.0038
0.01172
0.01572
0.022496
0.024128
0.024944
0.02576
0.02576
0.02576
0.02576
0.02576
0.02576
0.02576
0.02576
0.02576
0.02576
0.02576
0.02576
0.02576
0.02576
0.026576
0.027392
0.028208
0.029024
0.030656
0.031472
0.032288
0.033104
0.03392
0.03392
0.033104
0.032288
0.031472
0.030656
0.02984
0.02984
0.029024
0.028208
0.027392
0.026576
0.02576
0.02576
0.024944
0.023312
0.020864
0.018416
0.015152
0.01352
0.012704
0.011888
0.011072
0.011072
0.011888
0.012704
0.014336
0.015968
0.0176
0.018416
0.019232
0.020048
0.020864
0.02168
0.022496
0.023312
0.024128
0.024944
0.026576
0.026576
0.026576
0.026576
0.026576
0.02576
0.02576
0.02576
0.02576
0.02576
0.02576
0.02576
0.02576
0.02576
0.02576
0.02576
0.02576
0.02576
0.02576
0.02576
0.02576
0.02576
0.02576
0.026576
0.027392
0.027392
0.028208
0.029024
0.028208
0.029024
0.029024
0.028208
0.027392
0.027392
0.02576
0.02576
0.02576
0.02576
0.02576
0.02576
0.02576
0.02576
0.02576
0.02576
0.02576
0.02576
0.02576
0.02576
0.026576
0.027392
0.028208
0.029024
0.029024
0.028208
0.027392
0.026576
0.02576
0.02576
0.02576
0.02576
0.02576
0.02576
0.02576
0.02576
0.02576
0.02576
0.02576
0.02576
0.02576
0.026576
0.026576
0.026576
0.027392
0.027392
0.026576
0.026576
0.027392
0.026576
0.027392
0.027392
0.027392
0.026576
0.026576
0.02576
0.02576
0.02576
0.02576
0.024944
0.024128
0.023312
0.023312
0.023312
0.023312
0.024128
0.024944
0.024944
0.024944
0.024944
0.024944
0.024944
0.024944
0.024944
0.02576
0.02576
0.024944
0.024128
0.022496
0.02168
0.020864
0.020048
0.019232
0.019232
0.018416
0.0176
0.0176
0.018416
0.020048
0.02168
0.023312
0.024944
0.02576
0.02576
0.02576
0.02576
0.02576
0.02576
0.02576
0.02576
0.02576
0.02576
0.02576
0.02576
0.02576
0.02576
0.02576
0.02576
0.02576
0.02576
0.02576
0.02576
0.02576
0.02576
0.024944
0.024128
0.024128
0.024128
0.024128
0.024944
0.02576
0.02576
0.02576
0.02576
0.02576
0.02576
0.02576
0.02576
0.02576
0.02576
0.02576
0.02576
0.02576
0.02576
0.02576
0.02576
0.02576
0.02576
0.024944
0.024128
0.023312
0.022496
0.02168
0.02168
0.022496
0.023312
0.024128
0.024944
0.02576
0.02576
0.02576
0.02576
0.02576
0.02576
0.02576
0.02576
0.026576
0.028208
0.02984
0.031472
0.033104
0.03392
0.03392
0.033104
0.033104
0.033104
0.033104
0.033104
0.033104
0.032288
0.030656
0.029024
0.027392
0.026576
0.026576
0.026576
0.026576
0.027392
0.028208
0.028208
0.029024
0.02984
0.02984
0.02984
0.02984
0.02984
0.02984
0.02984
0.029024
0.028208
0.026576
0.024128
0.02168
0.020864
0.019232
0.018416
0.019232
0.020048
0.019232
0.020048
0.02168
0.022496
0.023312
0.024944
0.02576
0.02576
0.02576
0.02576
0.02576
0.02576
0.026576
0.027392
0.028208
0.028208
0.029024
0.029024
0.029024
0.029024
0.02984
0.02984
0.030656
0.030656
0.030656
0.030656
0.030656
0.02984
0.029024
0.027392
0.02576
0.024944
0.023312
0.022496
0.023312
0.024128
0.024128
0.02576
0.026576
0.026576
0.027392
0.027392
0.026576
0.026576
0.026576
0.024944
0.024128
0.023312
0.02168
0.020048
0.019232
0.018416
0.0176
0.018416
0.019232
0.020048
0.020864
0.022496
0.023312
0.024944
0.026576
0.028208
0.029024
0.029024
0.029024
0.028208
0.027392
0.026576
0.026576
0.02576
0.02576
0.02576
0.02576
0.02576
0.02576
0.02576
0.02576
0.02576
0.02576
0.02576
0.02576
0.02576
0.02576
0.02576
0.02576
0.02576
0.02576
0.02576
0.024944
0.024128
0.024128
0.023312
0.023312
0.024128
0.024944
0.024944
0.02576
0.02576
0.02576
0.02576
0.02576
0.02576
0.02576
0.024944
0.023312
0.02168
0.016784
0.011072
0.00152
-0.0064
