4.48565
3.06514
2.6802
2.24436
2.16525
2.12846
2.09336
2.09336
2.09336
2.09336
2.09336
2.09336
2.09336
2.09336
2.09336
2.09336
2.09336
2.09336
2.09336
2.09336
2.05982
2.02774
1.99704
1.96761
1.91231
1.8863
1.86128
1.83722
1.81404
1.81404
1.83722
1.86128
1.8863
1.91231
1.9394
1.9394
1.96761
1.99704
2.02774
2.05982
2.09336
2.09336
2.12846
2.20383
2.33184
2.48189
2.7274
2.87571
2.95786
3.04614
3.14125
3.14125
3.04614
2.95786
2.79907
2.66024
2.53783
2.48189
2.42908
2.37914
2.33184
2.28697
2.24436
2.20383
2.16525
2.12846
2.05982
2.05982
2.05982
2.05982
2.05982
2.09336
2.09336
2.09336
2.09336
2.09336
2.09336
2.09336
2.09336
2.09336
2.09336
2.09336
2.09336
2.09336
2.09336
2.09336
2.09336
2.09336
2.09336
2.05982
2.02774
2.02774
1.99704
1.96761
1.99704
1.96761
1.96761
1.99704
2.02774
2.02774
2.09336
2.09336
2.09336
2.09336
2.09336
2.09336
2.09336
2.09336
2.09336
2.09336
2.09336
2.09336
2.09336
2.09336
2.05982
2.02774
1.99704
1.96761
1.96761
1.99704
2.02774
2.05982
2.09336
2.09336
2.09336
2.09336
2.09336
2.09336
2.09336
2.09336
2.09336
2.09336
2.09336
2.09336
2.09336
2.05982
2.05982
2.05982
2.02774
2.02774
2.05982
2.05982
2.02774
2.05982
2.02774
2.02774
2.02774
2.05982
2.05982
2.09336
2.09336
2.09336
2.09336
2.12846
2.16525
2.20383
2.20383
2.20383
2.20383
2.16525
2.12846
2.12846
2.12846
2.12846
2.12846
2.12846
2.12846
2.12846
2.09336
2.09336
2.12846
2.16525
2.24436
2.28697
2.33184
2.37914
2.42908
2.42908
2.48189
2.53783
2.53783
2.48189
2.37914
2.28697
2.20383
2.12846
2.09336
2.09336
2.09336
2.09336
2.09336
2.09336
2.09336
2.09336
2.09336
2.09336
2.09336
2.09336
2.09336
2.09336
2.09336
2.09336
2.09336
2.09336
2.09336
2.09336
2.09336
2.09336
2.12846
2.16525
2.16525
2.16525
2.16525
2.12846
2.09336
2.09336
2.09336
2.09336
2.09336
2.09336
2.09336
2.09336
2.09336
2.09336
2.09336
2.09336
2.09336
2.09336
2.09336
2.09336
2.09336
2.09336
2.12846
2.16525
2.20383
2.24436
2.28697
2.28697
2.24436
2.20383
2.16525
2.12846
2.09336
2.09336
2.09336
2.09336
2.09336
2.09336
2.09336
2.09336
2.05982
1.99704
1.9394
1.8863
1.83722
1.81404
1.81404
1.83722
1.83722
1.83722
1.83722
1.83722
1.83722
1.86128
1.91231
1.96761
2.02774
2.05982
2.05982
2.05982
2.05982
2.02774
1.99704
1.99704
1.96761
1.9394
1.9394
1.9394
1.9394
1.9394
1.9394
1.9394
1.96761
1.99704
2.05982
2.16525
2.28697
2.33184
2.42908
2.48189
2.42908
2.37914
2.42908
2.37914
2.28697
2.24436
2.20383
2.12846
2.09336
2.09336
2.09336
2.09336
2.09336
2.09336
2.05982
2.02774
1.99704
1.99704
1.96761
1.96761
1.96761
1.96761
1.9394
1.9394
1.91231
1.91231
1.91231
1.91231
1.91231
1.9394
1.96761
2.02774
2.09336
2.12846
2.20383
2.24436
2.20383
2.16525
2.16525
2.09336
2.05982
2.05982
2.02774
2.02774
2.05982
2.05982
2.05982
2.12846
2.16525
2.20383
2.28697
2.37914
2.42908
2.48189
2.53783
2.48189
2.42908
2.37914
2.33184
2.24436
2.20383
2.12846
2.05982
1.99704
1.96761
1.96761
1.96761
1.99704
2.02774
2.05982
2.05982
2.09336
2.09336
2.09336
2.09336
2.09336
2.09336
2.09336
2.09336
2.09336
2.09336
2.09336
2.09336
2.09336
2.09336
2.09336
2.09336
2.09336
2.09336
2.09336
2.12846
2.16525
2.16525
2.20383
2.20383
2.16525
2.12846
2.12846
2.09336
2.09336
2.09336
2.09336
2.09336
2.09336
2.09336
2.12846
2.20383
2.28697
2.59717
3.14125
5.25667
15.5233
