0.582972
0.606498
0.606498
0.56545
0.525574
0.591158
0.596968
0.596968
0.58376
0.526755
0.426901
0.426901
0.485005
0.538998
0.57378
0.57378
0.545987
0.520039
0.582402
0.582402
0.559458
0.551511
0.551511
0.539393
0.53407
0.53407
0.539371
0.539371
0.547954
0.571279
0.6207
0.6207
0.618113
0.662216
0.684105
0.707836
0.75111
0.926318
0.926318
0.880559
0.552616
0.444466
0.22603
0.134655
0.363768
0.363768
0.094449
0.131246
0.131246
0.315677
0.315677
0.061724
0.0264285
0.0128245
0.240446
0.240446
0.0432337
0.2079
0.243789
0.529433
0.529433
0.405917
0.405917
0.372002
0.275403
0.201041
0.101177
0.0319985
0.535774
0.421755
0.481125
0.535774
0.535774
0.488579
0.488579
0.500358
0.500358
0.491857
0.464265
0.464265
0.452495
0.452495
0.415193
0.384077
0.36979
0.282651
0.430682
0.409386
0.419137
0.419137
0.342366
0.288824
0.239422
0.129792
0.430682
0.182143
0.383396
0.430682
0.430682
0.413248
0.409654
0.384669
0.384669
0.287502
0.171182
0.0461503
0.582207
0.582207
0.582207
0.501742
0.478941
0.50703
0.545074
0.545074
0.49695
0.535639
0.535639
0.448331
0.440084
0.382439
0.382439
0.386319
0.391021
0.391021
0.378378
0.364991
0.339451
0.332064
0.340196
0.343742
0.388161
0.407064
0.407064
0.398519
0.393283
0.366135
0.350346
0.350346
0.340491
0.328097
0.322328
0.271433
0.191925
0.0945674
0.463998
0.212931
0.343447
0.345554
0.373969
0.427152
0.427152
0.417463
0.41929
0.41929
0.418272
0.428247
0.460161
0.460161
0.463998
0.463998
0.436077
0.454521
0.454521
0.453646
0.453255
0.453255
0.425623
0.41775
0.41736
0.379154
0.335657
0.297946
0.307783
0.307783
0.278257
0.255305
0.222669
0.142012
0.117118
0.101055
0.101055
0.433039
0.335491
0.335491
0.347084
0.36089
0.379978
0.40913
0.40913
0.40913
0.433039
0.433039
0.368986
0.400432
0.400432
0.368813
0.368813
0.344034
0.367136
0.367136
0.321823
0.298859
0.314868
0.320613
0.320613
0.294348
0.304212
0.305735
0.316125
0.316125
0.311589
0.323846
0.323846
0.334002
0.334002
0.343664
0.344465
0.34611
0.34611
0.306032
0.306032
0.301338
0.297735
0.296306
0.283283
0.283283
0.27116
0.26878
0.256307
0.221153
0.221153
0.195453
0.184028
0.172108
0.161167
0.161167
0.119466
0.0961609
0.126291
0.325216
0.0879707
0.111122
0.302192
0.302192
0.285517
0.325216
0.325216
0.220961
0.120111
0.084759
0.0653418
0.0396986
0.357619
0.311486
0.238147
0.180072
0.180072
0.239724
0.252641
0.305899
0.328134
0.357619
0.357619
0.357619
0.340972
0.340972
0.30197
0.274358
0.311682
0.311682
0.280316
0.280316
0.270643
0.270643
0.283576
0.283576
0.262802
0.280727
0.292578
0.310895
0.310895
0.306668
0.341844
0.341844
0.332847
0.332847
0.310459
0.292211
0.299027
0.299027
0.192885
0.0722678
0.410135
0.410135
0.32107
0.371356
0.371356
0.368493
0.351934
0.363452
0.363452
0.34872
0.318967
0.347298
0.347298
0.322356
0.322356
0.310786
0.335231
0.335231
0.335544
0.335544
0.300267
0.300267
0.295997
0.268207
0.258853
0.252006
0.228877
0.241975
0.241975
0.200893
0.150253
0.0981165
0.0981165
0.365327
0.0155595
0.0337766
0.110717
0.235801
0.235801
0.306218
0.33875
0.33875
0.334165
0.308353
0.308353
0.320302
0.320302
0.365327
0.365327
0.364692
0.226279
0.170023
0.170023
0.268071
0.268071
0.0144097
0.366084
0.173737
0.202229
0.257717
0.257717
0.254443
0.254443
0.247066
0.366084
0.366084
0.324312
0.312877
0.312877
0.36233
0.368654
0.371737
0.376993
0.376993
0.388718
0.392108
0.392108
0.378925
0.378925
0.373806
0.394984
0.399837
0.411011
0.411011
0.409239
0.42493
0.450001
0.450001
0.425886
0.400205
0.409835
0.421479
0.428978
0.428978
0.389285
0.383196
0.432403
0.432403
0.368943
0.368943
0.317145
0.2875
0.2875
0.259785
0.239924
0.200969
0.181816
0.13954
0.13954
0.105842
