219.178
202.532
190.476
188.235
188.235
190.476
190.476
188.235
188.235
188.235
188.235
192.771
186.047
188.235
188.235
188.235
186.047
186.047
186.047
183.908
183.908
181.818
183.908
181.818
181.818
181.818
183.908
183.908
183.908
183.908
183.908
186.047
186.047
188.235
190.476
190.476
192.771
192.771
195.122
197.531
200
202.532
202.532
107.383
107.383
86.4865
86.4865
77.6699
77.6699
77.6699
73.3945
73.3945
82.4742
82.4742
82.4742
87.9121
87.9121
105.96
105.96
107.383
107.383
197.531
219.178
219.178
210.526
197.531
195.122
179.775
238.806
183.908
186.047
186.047
186.047
183.908
190.476
190.476
190.476
190.476
192.771
192.771
192.771
192.771
195.122
195.122
190.476
186.047
210.526
228.571
205.128
192.771
190.476
188.235
179.775
166.667
207.792
219.178
216.216
197.531
190.476
190.476
190.476
190.476
188.235
179.775
166.667
129.032
228.571
213.333
179.775
181.818
183.908
181.818
179.775
179.775
179.775
179.775
177.778
177.778
177.778
177.778
177.778
177.778
177.778
177.778
177.778
177.778
177.778
177.778
173.913
175.824
173.913
172.043
172.043
173.913
173.913
172.043
173.913
173.913
172.043
172.043
173.913
170.213
166.667
155.34
210.526
205.128
202.532
192.771
188.235
188.235
188.235
186.047
186.047
183.908
183.908
183.908
183.908
183.908
183.908
183.908
183.908
183.908
181.818
181.818
181.818
181.818
181.818
179.775
179.775
179.775
177.778
179.775
177.778
179.775
177.778
172.043
172.043
168.421
168.421
155.34
164.948
179.775
168.421
158.416
158.416
156.863
156.863
156.863
155.34
155.34
155.34
156.863
156.863
155.34
155.34
155.34
156.863
155.34
155.34
155.34
155.34
153.846
152.381
152.381
152.381
152.381
155.34
153.846
153.846
153.846
152.381
155.34
155.34
152.381
156.863
153.846
155.34
155.34
153.846
148.148
156.863
156.863
160
158.416
158.416
160
160
158.416
160
160
164.948
164.948
160
160
164.948
170.213
179.775
179.775
181.818
155.34
216.216
195.122
170.213
216.216
168.421
168.421
181.818
170.213
155.34
156.863
146.789
146.789
183.908
183.908
181.818
170.213
166.667
164.948
164.948
164.948
161.616
160
160
160
160
158.416
155.34
158.416
158.416
158.416
156.863
158.416
158.416
158.416
158.416
158.416
161.616
160
163.265
163.265
160
158.416
158.416
158.416
158.416
158.416
158.416
158.416
155.34
155.34
142.857
161.616
190.476
152.381
161.616
156.863
156.863
155.34
153.846
153.846
152.381
152.381
153.846
155.34
155.34
155.34
153.846
156.863
155.34
156.863
156.863
158.416
163.265
166.667
168.421
168.421
168.421
168.421
168.421
166.667
161.616
161.616
161.616
172.043
158.416
173.913
173.913
177.778
188.235
164.948
156.863
155.34
155.34
155.34
155.34
152.381
153.846
153.846
150.943
146.789
142.857
142.857
131.148
85.5615
85.5615
85.5615
72.3982
72.3982
186.047
183.908
172.043
144.144
144.144
192.771
149.533
163.265
170.213
161.616
161.616
160
161.616
160
160
160
160
158.416
161.616
158.416
158.416
161.616
161.616
161.616
161.616
161.616
161.616
160
161.616
160
160
160
161.616
161.616
161.616
161.616
163.265
163.265
164.948
164.948
166.667
166.667
166.667
168.421
170.213
170.213
170.213
168.421
168.421
172.043
172.043
172.043
175.824
172.043
