2.2875
2.37572
2.458278
2.502833
2.555408
2.630886
2.684072
2.702251
2.715715
2.724804
2.733893
2.742983
2.745
2.745
2.745
2.745
2.745
2.745
2.745
2.745
2.745
2.745
2.745
2.745
2.745
2.745
2.745
2.745
2.745
2.745
2.745
2.745
2.745
2.745
2.745
2.745
2.749216
2.758305
2.767395
2.776484
2.785573
2.794663
2.803752
2.812841
2.830861
2.84802
2.857109
2.866199
2.875288
2.884377
2.893467
2.902556
2.911645
2.915
2.915
2.908087
2.898997
2.889908
2.880819
2.871729
2.86264
2.853551
2.844461
2.835372
2.83
2.83
2.825104
2.816015
2.806925
2.797836
2.788747
2.779657
2.770568
2.761479
2.752389
2.745
2.745
2.742121
2.733032
2.719885
2.701707
2.678292
2.651024
2.623756
2.596488
2.561627
2.525269
2.506456
2.489139
2.480049
2.47096
2.461871
2.452781
2.443692
2.439
2.439
2.444576
2.453665
2.462755
2.471844
2.488867
2.507045
2.525224
2.543403
2.561581
2.57738
2.586469
2.595559
2.604648
2.613737
2.622827
2.631916
2.641005
2.650095
2.659184
2.668273
2.677363
2.686452
2.695541
2.704631
2.71372
2.722809
2.735797
2.753976
2.762
2.762
2.762
2.762
2.762
2.762
2.762
2.761297
2.752208
2.745
2.745
2.745
2.745
2.745
2.745
2.745
2.745
2.745
2.745
2.745
2.745
2.745
2.745
2.745
2.745
2.745
2.745
2.745
2.745
2.745
2.745
2.745
2.745
2.745
2.745
2.745
2.745
2.745
2.745
2.745
2.745
2.74874
2.757829
2.766919
2.776008
2.779
2.779
2.786276
2.795365
2.804455
2.812456
2.803367
2.797723
2.806812
2.813
2.813
2.80892
2.799831
2.790741
2.781652
2.779
2.779
2.763768
2.745589
2.745
2.745
2.745
2.745
2.745
2.745
2.745
2.745
2.745
2.745
2.745
2.745
2.745
2.745
2.745
2.745
2.745
2.745
2.745
2.745
2.745
2.745
2.745
2.745
2.750939
2.760028
2.769117
2.778207
2.787296
2.796385
2.805475
2.813
2.813
2.810257
2.801168
2.792079
2.782989
2.7739
2.764811
2.755721
2.746632
2.745
2.745
2.745
2.745
2.745
2.745
2.745
2.745
2.745
2.745
2.745
2.745
2.745
2.745
2.745
2.745
2.745
2.745
2.745
2.745
2.745
2.745
2.748423
2.757512
2.762
2.762
2.762
2.762
2.768959
2.778048
2.779
2.778773
2.769684
2.762
2.762
2.764584
2.773673
2.775237
2.766148
2.766941
2.776031
2.779
2.779
2.779
2.779
2.770523
2.762
2.762
2.760255
2.751165
2.745
2.745
2.745
2.745
2.745
2.745
2.73854
2.729451
2.720361
2.711272
2.702183
2.694
2.694
2.694
2.694
2.694
2.694
2.698443
2.707532
2.716621
2.725711
2.728
2.728
2.728
2.728
2.728
2.728
2.728
2.728
2.728
2.728
2.728
2.728
2.728
2.733961
2.743051
2.745
2.745
2.736681
2.727592
2.718503
2.707827
2.689648
2.674235
2.665145
2.656056
2.646967
2.637877
2.628788
2.619699
2.610609
2.609
2.609
2.600341
2.591252
2.582163
2.575
2.575
2.578105
2.587195
2.600568
2.618747
2.636925
2.655104
2.673283
2.691461
2.70964
2.727819
2.736999
2.745
2.745
2.745
2.745
2.745
2.745
2.745
2.745
2.745
2.745
2.745
2.745
2.745
2.745
2.745
2.745
2.745
2.745
2.745
2.745
2.745
2.745
2.745
2.745
2.745
2.745
2.745
2.745
2.745
2.745
2.745
2.745
2.745
2.745
2.745
2.745
2.745
2.745
2.745
2.745
2.737339
2.728249
2.71916
2.711
2.711
2.711
2.711
2.711
2.711
2.715465
2.724555
2.733644
2.742733
2.745
2.745
2.745
2.745
2.745
2.745
2.745
2.745
2.745
2.745
2.745
2.745
2.745
2.745
2.745
2.745
2.745
2.745
2.745
2.745
2.745
2.745
2.745
2.745
2.745
2.745
2.745
2.745
2.745
2.745
2.745
2.745
2.736319
2.727229
2.71814
2.709051
2.699961
2.690872
2.681783
2.672693
2.663604
2.66
2.66
2.666664
2.675753
2.684843
2.693932
2.703021
2.712111
2.7212
2.730289
2.739379
2.745
2.745
2.745
2.745
2.745
2.745
2.745
2.745
2.745
2.745
2.745
2.745
2.745
2.747629
2.756719
2.769616
2.787795
2.805973
2.824152
2.842331
2.860509
2.878688
2.896867
2.906523
2.915
2.915
2.913209
2.90412
2.898
2.898
2.898
2.898
2.898
2.898
2.898
2.898
2.898
2.898
2.889137
2.879096
2.860917
2.842739
2.82456
2.806381
2.788203
2.774512
2.765423
2.762
2.762
2.762
2.762
2.762
2.762113
2.771203
2.780292
2.789381
2.796
2.796
2.799649
2.808739
2.817828
2.826917
2.83
2.83
2.83
2.83
2.83
2.83
2.83
2.83
2.83
2.83
2.83
2.826011
2.816921
2.807832
2.798743
2.783307
2.765128
2.739424
2.712156
2.684888
2.659207
2.650117
2.639056
2.620877
2.605849
2.59676
2.596329
2.605419
2.614508
2.623597
2.619313
2.610224
2.616865
2.625955
2.644088
2.661133
2.670223
2.679312
2.688401
2.700981
2.71916
2.732669
2.741759
2.745
2.745
2.745
2.745
2.745
2.745
2.745
2.745
2.745
2.747652
2.756741
2.765831
2.77492
2.784009
2.793099
2.796
2.796
2.803367
2.812456
2.813
2.813
2.813
2.813
2.813
2.815992
2.825081
2.83
2.83
2.835349
2.844439
2.847
2.847
2.847
2.847
2.847
2.847
2.847
2.844847
2.835757
2.826668
2.817579
2.803979
2.7858
2.767621
2.749443
2.738132
2.729043
2.711907
2.693864
2.684775
2.678315
2.687404
2.696493
2.705583
2.711
2.711
2.720701
2.73888
2.751029
2.760119
2.762
2.762
2.770387
2.779
2.779
2.777345
2.768256
2.762
2.762
2.762
2.762
2.751619
2.73344
2.721631
2.712541
2.703452
2.694363
2.676547
2.658368
2.640189
2.624005
2.614916
2.605827
2.596737
2.587648
2.578559
2.580531
2.58962
2.598709
2.607799
2.616888
2.625977
2.635067
2.645312
2.663491
2.679335
2.688424
2.701027
2.719205
2.737384
2.755563
2.773741
2.79192
2.803049
2.812139
2.813
2.813
2.813
2.811504
2.802415
2.793325
2.784236
2.775147
2.766057
2.762
2.762
2.755789
2.7467
2.745
2.745
2.745
2.745
2.745
2.745
2.745
2.745
2.745
2.745
2.745
2.745
2.745
2.745
2.745
2.745
2.745
2.745
2.745
2.745
2.745
2.745
2.745
2.745
2.745
2.745
2.745
2.745
2.745
2.745
2.745
2.745
2.745
2.743663
2.734573
2.725484
2.716395
2.711
2.711
2.706127
2.697037
2.694
2.694
2.701231
2.71032
2.719409
2.728
2.728
2.729677
2.738767
2.745
2.745
2.745
2.745
2.745
2.745
2.745
2.745
2.745
2.745
2.745
2.744161
2.735072
2.723965
2.705787
2.687608
2.669429
2.633752
2.579216
2.519127
2.455501
2.360196
2.253797
2.16322
2.075