0.094
0.171624
0.235745
0.268285
0.315524
0.372605
0.392771
0.407183
0.415181
0.423178
0.431176
0.4328
0.433571
0.441569
0.4464
0.4464
0.4464
0.4464
0.4464
0.448755
0.456752
0.46
0.46
0.46
0.458457
0.45046
0.442462
0.434464
0.426467
0.418469
0.410472
0.402474
0.394476
0.397521
0.405519
0.413516
0.421514
0.429512
0.437509
0.445507
0.453504
0.46
0.46
0.46
0.46
0.46
0.46
0.46
0.46
0.46
0.46
0.46
0.46
0.462273
0.470271
0.478269
0.486266
0.494264
0.502262
0.510259
0.510543
0.502546
0.494548
0.48655
0.478553
0.470555
0.462558
0.44912
0.433125
0.4328
0.430567
0.42257
0.414572
0.406574
0.4056
0.407021
0.415018
0.423016
0.431014
0.439011
0.447618
0.463613
0.476604
0.484602
0.4872
0.4872
0.4872
0.489392
0.49739
0.5008
0.5008
0.5008
0.5008
0.5008
0.5008
0.5008
0.494629
0.4872
0.4872
0.4872
0.4872
0.492559
0.500556
0.516308
0.532303
0.548298
0.559747
0.567744
0.5688
0.5688
0.5688
0.565065
0.557067
0.54907
0.542128
0.550125
0.561046
0.577041
0.593036
0.609032
0.617313
0.625311
0.633309
0.6368
0.6368
0.6368
0.6368
0.6368
0.640494
0.648492
0.65649
0.664
0.664
0.664
0.664
0.664
0.664
0.664
0.664
0.664
0.659534
0.651537
0.636678
0.620683
0.604688
0.588693
0.572697
0.556702
0.541153
0.533156
0.528
0.528
0.528
0.528
0.528
0.52394
0.507945
0.49195
0.475955
0.459959
0.443964
0.427969
0.411974
0.395979
0.392
0.392406
0.400404
0.408401
0.416399
0.424396
0.432394
0.440392
0.448389
0.456387
0.464384
0.472382
0.493939
0.517932
0.541925
0.565918
0.58991
0.613903
0.637165
0.645163
0.647639
0.639642
0.631644
0.623647
0.615649
0.607651
0.599654
0.596
0.596
0.596
0.596
0.596
0.596
0.596
0.596
0.596
0.596
0.596
0.596
0.590885
0.582887
0.57489
0.566892
0.558894
0.546593
0.530598
0.514603
0.499704
0.491706
0.483709
0.475711
0.467713
0.46
0.46
0.46
0.46
0.46
0.46
0.46
0.46
0.46
0.451475
0.435479
0.439458
0.445344
0.437347
0.429349
0.421352
0.4192
0.419687
0.435682
0.443761
0.435764
0.437834
0.445832
0.4464
0.444573
0.436576
0.428578
0.42058
0.412583
0.404585
0.396587
0.392
0.392
0.392
0.392
0.392
0.392
0.392
0.392
0.392
0.392
0.392
0.392
0.396181
0.404179
0.418753
0.435723
0.459716
0.483709
0.507702
0.531694
0.555525
0.57152
0.584958
0.592955
0.596
0.596
0.596
0.594254
0.586257
0.578259
0.570261
0.555728
0.539733
0.523737
0.507742
0.491747
0.481476
0.473478
0.465481
0.46
0.46
0.46
0.46
0.46
0.46341
0.479405
0.495401
0.511396
0.527391
0.543386
0.559381
0.575377
0.591372
0.590316
0.5824
0.5824
0.5824
0.5824
0.5824
0.5824
0.5824
0.5824
0.5824
0.57834
0.570343
0.562345
0.5552
0.5552
0.5552
0.5552
0.560843
0.568841
0.576838
0.579964
0.571967
0.563969
0.555971
0.540747
0.526376
0.518378
0.510381
0.502383
0.507214
0.513588
0.50559
0.5008
0.5008
0.495198
0.4872
0.479202
0.4736
0.4736
0.47839
0.486388
0.501571
0.517567
0.533562
0.553536
0.577528
0.595147
0.611914
0.635907
0.656733
0.672728
0.688724
0.704719
0.712757
0.720755
0.728752
0.732
0.732
0.732
0.732
0.732
0.732
0.732
0.732
0.732731
0.740728
0.748726
0.756724
0.764721
0.772719
0.756967
0.740972
0.724977
0.704272
0.680279
0.656287
0.632294
0.608301
0.596
0.596
0.589707
0.58171
0.573712
0.565715
0.557717
0.549719
0.541722
0.533724
0.525727
0.517729
0.509731
0.501734
0.493736
0.485739
0.477741
0.469743
0.461746
0.447496
0.431501
0.415506
0.402555
0.394558
0.38112
0.365125
0.34913
0.339833
0.34783
0.355828
0.363826
0.371823
0.381242
0.397237
0.413232
0.429227
0.439011
0.447009
0.455007
0.463004
0.471002
0.4736
0.4736
0.481395
0.489392
0.49739
0.505387
0.513385
0.507417
0.5008
0.5008
0.497024
0.489027
0.481029
0.473032
0.465034
0.46
0.46
0.46
0.46
0.46
0.46
0.46
0.46
0.46
0.46
0.46
0.46
0.46
0.46
0.46
0.46
0.46
0.46
0.46
0.46
0.46
0.475427
0.489311
0.497309
0.505306
0.513304
0.521302
0.529299
0.537297
0.537906
0.529908
0.528
0.528
0.528
0.528
0.528
0.528
0.528
0.528
0.528
0.528
0.523534
0.515537
0.500678
0.484683
0.468688
0.452693
0.436697
0.420702
0.4056
0.4056
0.408442
0.416439
0.424437
0.432435
0.440432
0.45046
0.466455
0.478025
0.486023
0.500841
0.516836
0.532831
0.548826
0.564821
0.574808
0.582806
0.590804
0.598801
0.606799
0.614796
0.622794
0.630792
0.638789
0.646787
0.654785
0.662782
0.664
0.664
0.664
0.664
0.664
0.646097
0.622104
0.598111
0.574118
0.550125
0.526133
0.50214
0.478147
0.46
0.46
0.468688
0.484683
0.500678
0.516673
0.532669
0.552196
0.576189
0.600182
0.623525
0.631522
0.6368
0.6368
0.6368
0.6368
0.62929
0.621292
0.613294
0.605297
0.597299
0.602699
0.608504
0.600506
0.592509
0.584511
0.576513
0.568516
0.560518
0.552521
0.544523
0.546675
0.554672
0.57014
0.586135
0.60213
0.618125
0.634121
0.643458
0.651456
0.659453
0.664
0.664
0.664
0.664
0.664
0.664
0.664
0.658966
0.650968
0.642971
0.634973
0.626976
0.618978
0.61098
0.602983
0.596
0.596
0.596
0.596
0.596
0.596
0.596
0.590804
0.574808
0.5688
0.5688
0.5688
0.5688
0.5688
0.5688
0.5688
0.581953
0.596
0.596
0.596
0.596
0.601765
0.6096
0.6096
0.6096
0.6096
0.614553
0.62255
0.630548
0.640291
0.656287
0.676423
0.700416
0.724408
0.747467
0.763463
0.779458
0.795453
0.8
0.8
0.8
0.8
0.8
0.8
0.8
0.8
0.8
0.8
0.7959
0.787902
0.773409
0.758307
0.750309
0.739023
0.723028
0.707033
0.691038
0.675042
0.661524
0.653526
0.645528
0.637531
0.6368
0.635136
0.627138
0.6232
0.6232
0.6232
0.622347
0.61435
0.606352
0.598355
0.590357
0.582359
0.574362
0.5688
0.5688
0.5688
0.5688
0.561574
0.5552
0.5552
0.5552
0.5552
0.542371
0.523128
0.475143
0.410461
0.320841
0.211612
0.094
