0.32
0.575
1
0.49
0.66
0.745
0.32
0.49
0.575
0.405
0.66
0.83
0.915
1
0.66
0.575
0.915
0.575
0.66
0.575
0.745
1
0.66
1
0.575
0.575
0.575
1
0.915
0.49
0.915
1
0.915
0.66
0.83
0.915
1
0.915
0.49
0.915
0.915
1
0.575
0.49
0.83
0.66
0.915
0.745
1
0.83
0.915
0.745
0.575
0.83
0.915
0.915
0.745
0.915
0.66
1
0.915
0.66
0.66
0.745
0.49
0.915
0.405
0.66
0.915
0.575
0.83
0.915
0.66
0.745
0.915
0.575
0.745
0.915
0.575
0.83
0.745
0.83
0.575
0.745
0.83
0.575
0.745
0.83
0.575
0.745
0.915
0.575
0.66
0.83
0.49
0.745
0.915
0.575
0.745
0.915
0.575
0.745
0.915
0.575
0.745
0.915
0.575
0.915
0.915
0.83
0.575
0.745
1
0.745
1
1
0.745
0.915
0.575
0.66
0.915
0.745
0.575
0.915
0.745
0.83
0.745
0.745
0.915
0.575
0.745
0.83
0.745
0.66
0.915
0.405
0.575
1
0.575
0.575
0.915
0.15
0.575
0.745
0.915
0.915
1
0.575
0.745
0.915
0.915
1
0.405
0.575
0.66
0.32
0.575
0.575
0.83
0.66
0.66
0.915
0.83
0.745
0.66
0.915
0.575
0.83
0.83
0.66
0.745
0.745
0.66
0.575
0.49
0.66
0.745
0.575
0.575
0.745
0.915
0.575
0.235
0.915
1
1
0.575
0.49
0.575
0.49
0.745
0.235
0.745
0.575
0.575
0.235
0.49
0.915
0.83
1
0.49
1
0.405
0.83
0.745
0.915
0.915
1
1
0.83
0.745
0.745
0.575
0.66
0.83
0.575
0.66
0.915
0.66
0.745
0.915
0.575
0.915
0.745
0.83
0.575
0.66
0.915
0.575
0.745
0.915
0.575
0.83
1
0.915
0.575
0.66
1
0.575
0.745
0.915
0.49
0.83
0.915
0.575
0.575
0.915
0.915
0.83
0.83
1
0.575
0.575
0.83
1
0.49
1
1
1
0.575
0.575
1
1
1
1
0.745
0.575
1
1
1
0.745
0.83
0.83
0.915
0.83
1
0.575
0.66
0.66
0.49
0.745
0.49
0.66
0.32
0.745
0.49
0.49
0.83
0.83
0.575
0.745
0.915
0.83
0.66
0.235
0.83
0.83
0.745
0.32
0.83
0.915
0.49
0.915
0.575
0.745
0.915
0.66
0.575
0.915
0.745
0.66
0.575
1
1
0.575
0.745
0.83
0.83
0.575
0.49
0.575
0.83
0.49
0.83
0.915
0.575
0.745
0.915
0.575
0.745
0.915
0.66
0.915
1
0.575
0.575
0.915
0.575
0.745
0.915
0.49
0.745
0.915
0.745
0.32
0.915
0.66
0.405
1
0.83
0.745
0.32
0.49
0.83
0.575
0.915
0.915
0.83
0.83
0.745
0.575
0.83
1
0.83
0.575
0.745
0.915
0.575
0.83
0.915
0.575
0.745
0.83
0.915
0.235
1
0.405
0.405
0.405
0.745
0.915
1
0.49
0.575
0.915
0.915
0.915
0.49
0.66
0.915
0.66
0.915
0.235
0.575
0.575
0.405
0.405
0.49
0.915
0.575
0.745
0.915
0.915
0.915
1
0.83
0.83
0.66
0.745
0.745
0.745
0.83
0.745
0.83
0.575
0.745
0.915
0.575
0.575
0.915
0.575
0.745
0.745
0.83
0.575
0.83
1
0.575
0.66
0.915
0.915
0.745
0.66
0.49
1
1
0.745
0.575
0.83
0.575
0.83
0.915
0.915
1
0.66
0.745
0.15
0.235
0.83
0.915
0.49
0.745
0.745
0.49
0.745
1
0.915
0.235
0.66
0.405
0.745
0.575
0.915
1
0.915
