0.2585
0.581933
0.824321
0.877149
1.00114
1.17278
1.17044
1.14409
1.10011
1.08894
1.11093
1.13293
1.15492
1.17691
1.22503
1.31301
1.35509
1.37709
1.44285
1.4894
1.4894
1.54165
1.62962
1.5604
1.48516
1.46316
1.41951
1.35353
1.32238
1.30039
1.2784
1.265
1.265
1.20427
1.11629
1.05009
1.02865
1.11663
1.13985
1.11786
1.19355
1.28565
1.39562
1.47344
1.51742
1.49219
1.44631
1.38033
1.30586
1.21789
1.25049
1.33846
1.29648
1.29001
1.37798
1.47879
1.58876
1.64045
1.67238
1.65039
1.64961
1.6716
1.6764
1.66747
1.5575
1.46428
1.3983
1.3024
1.19243
1.16865
1.12824
1.04027
1.01593
1.03792
1.11786
1.19411
1.2161
1.23809
1.26009
1.28208
1.30742
1.3734
1.40634
1.38435
1.4069
1.45088
1.43056
1.40857
1.38658
1.35197
1.30798
1.2832
1.25741
1.21342
1.20058
1.22258
1.26154
1.30396
1.32596
1.3561
1.40009
1.4146
1.4146
1.4146
1.40868
1.38669
1.3647
1.3427
1.35889
1.39194
1.47991
1.56788
1.65586
1.6764
1.68221
1.77018
1.80189
1.73591
1.7138
1.7138
1.67138
1.639
1.639
1.61422
1.57023
1.64012
1.69951
1.61154
1.57436
1.59635
1.63509
1.6764
1.6764
1.66847
1.64648
1.58095
1.49297
1.5527
1.6016
1.6016
1.57704
1.53305
1.54567
1.58497
1.71693
1.75846
1.69248
1.64313
1.6016
1.6016
1.53908
1.36313
1.3168
1.3388
1.31881
1.29124
1.24725
1.19109
1.12511
1.17167
1.2142
1.12623
1.09787
1.14186
1.10323
1.03837
0.99438
0.973503
0.995497
1.10323
1.25719
1.265
1.30329
1.45725
1.57503
1.663
1.63911
1.6016
1.6016
1.55248
1.44251
1.38178
1.34382
1.43179
1.53495
1.66691
1.65709
1.56911
1.68879
1.81004
1.89801
1.91431
1.87032
1.82633
1.78547
1.76348
1.72206
1.65608
1.6227
1.6016
1.6016
1.6016
1.6016
1.65787
1.74584
1.62728
1.52155
1.49956
1.47757
1.45557
1.41516
1.3561
1.20215
1.16341
1.27337
1.25384
1.18707
1.0991
1.04797
1.06996
1.09196
1.11395
1.03323
0.950393
0.884413
0.90049
0.988463
1.0032
1.01191
1.07789
1.16285
1.27281
1.31848
1.33645
1.22648
1.1528
1.1528
1.12511
1.08113
0.975848
0.901048
0.945035
1.00063
1.06661
1.0962
1.12098
1.16497
1.1902
1.1902
1.17424
1.15168
1.1077
1.07085
1.04886
1.01314
0.969149
1.04708
1.11049
1.08849
1.0665
1.04451
1.05869
1.07264
1.02865
1.04027
1.12824
1.23207
1.34337
1.51932
1.639
1.639
1.7071
1.81707
1.74517
1.6764
1.6764
1.64224
1.57626
1.4923
1.4069
1.34092
1.29325
1.27125
1.21778
1.15347
1.19746
1.23452
1.25652
1.34605
1.47801
1.58988
1.6764
1.6764
1.64257
1.57659
1.63565
1.69661
1.54265
1.46104
1.48304
1.52066
1.56465
1.60863
1.61857
1.55259
1.59379
1.70375
1.5939
1.48482
1.46283
1.46316
1.48516
1.47165
1.45434
1.47634
1.4894
1.4894
1.47388
1.45211
1.47411
1.51619
1.60417
1.61243
1.56844
1.66356
1.74673
1.72474
1.65854
1.54857
1.4386
1.33757
1.31557
1.24948
1.11752
1.12422
1.1902
1.16821
1.18573
1.2957
1.32663
1.30463
1.42096
1.53551
1.57949
1.62348
1.66747
1.69393
1.71168
1.68969
1.65898
1.615
1.6016
1.6016
1.68913
1.74472
1.72273
1.77911
1.88908
1.84185
1.79284
1.81484
1.83683
1.85882
1.89823
1.94021
1.9622
2.02718
2.15914
2.15445
2.08847
2.02249
1.95651
1.89053
1.8634
1.8634
1.76571
1.66814
1.62415
1.6016
1.6016
1.6016
1.59401
1.50603
1.44352
1.42152
1.47489
1.56286
1.52088
1.48315
1.46115
1.41348
1.3475
1.43693
1.49465
1.3187
1.20639
1.1624
1.13561
1.11004
1.04406
0.986454
0.942467
0.95832
1.00231
1.08939
1.14052
1.09653
1.12891
1.21688
1.2276
1.22369
1.2017
1.14822
1.06025
1.07476
1.1221
1.21007
1.25674
1.23475
1.27215
1.33813
1.46841
1.5642
1.5642
1.57682
1.59881
1.64
1.6764
1.6764
1.66602
1.64402
1.60506
1.55482
1.42286
1.3072
1.21923
1.13125
1.04328
0.976629
0.946151
1.01213
1.06561
1.10959
1.17267
1.24234
1.33031
1.39774
1.44173
1.46886
1.4865
1.44251
1.39852
1.35454
1.3398
1.3398
1.36101
1.34237
1.21041
1.12802
1.08403
1.11596
1.15995
1.20393
1.2276
1.2276
1.31133
1.42532
1.60127
1.69795
1.65396
1.62449
1.60249
1.4961
1.39752
1.33154
1.3024
1.3024
1.32127
1.33288
1.28889
1.27505
1.29704
1.38557
1.48326
1.37329
1.27896
1.21297
1.1758
1.1538
1.21577
1.24825
1.18227
1.18931
1.25529
1.34002
1.428
1.51597
1.54433
1.50034
1.50592
1.52903
1.57302
1.6093
1.6313
1.62471
1.60272
1.68511
1.76761
1.83359
1.85134
1.82935
1.84464
1.85692
1.81294
1.77878
1.75678
1.66914
1.5642
1.5642
1.52624
1.41627
1.39138
1.41337
1.3523
1.29704
1.27505
1.27695
1.29894
1.39506
1.4894
1.4894
1.50883
1.55281
1.6783
1.82421
1.78023
1.74372
1.72173
1.78413
1.8941
1.92145
1.91721
1.82924
1.77677
1.75477
1.62225
1.47433
1.36436
1.2736
1.20762
1.22258
1.26813
1.3561
1.47355
1.64949
1.72776
1.74975
1.79228
1.83627
1.88026
1.7953
1.59736
1.58251
1.59289
1.52691
1.49889
1.52088
1.51072
1.49409
1.64804
1.72217
1.6342
1.67082
1.78079
1.76817
1.74618
1.72418
1.70219
1.6802
1.64
1.59881
1.57682
1.53607
1.47009
1.452
1.45088
1.4069
1.37005
1.34806
1.3398
1.3398
1.40076
1.452
1.452
1.452
1.452
1.48817
1.53216
1.57615
1.61087
1.63286
1.59144
1.52769
1.57168
1.63677
1.74673
1.73412
1.64615
1.67941
1.7378
1.84777
1.87803
1.83404
1.73613
1.65184
1.76181
1.826
1.826
1.826
1.82767
1.93764
2.03377
2.09975
2.1252
2.1252
2.1051
2.0878
2.0878
2.0427
1.95472
1.88461
1.826
1.826
1.81696
1.79496
1.7886
1.78882
1.81082
1.826
1.826
1.826
1.826
1.80602
1.78402
1.76203
1.72887
1.68488
1.69415
1.7138
1.7138
1.73166
1.77565
1.75756
1.71402
1.75801
1.7886
1.7886
1.72217
1.61221
1.54198
1.48493
1.46294
1.452
1.452
1.52256
1.59267
1.50469
1.3664
1.15293
0.746884
0.2585
