0.002408
0.028808
0.03312
0.0471296
0.0453344
0.041744
0.0435392
0.0453344
0.0471296
0.0543104
0.0561056
0.0614912
0.0614912
0.068672
0.0614912
0.059696
0.0543104
0.0525152
0.05072
0.05072
0.0435392
0.0381536
0.0453344
0.0435392
0.05072
0.059696
0.0632864
0.059696
0.0543104
0.0471296
0.0543104
0.05072
0.0579008
0.0668768
0.0704672
0.068672
0.0704672
0.0704672
0.0614912
0.0561056
0.0471296
0.0453344
0.0381536
0.0399488
0.0471296
0.0489248
0.05072
0.0525152
0.0579008
0.0561056
0.059696
0.0579008
0.0561056
0.0525152
0.05072
0.0471296
0.0489248
0.0525152
0.0543104
0.0579008
0.0579008
0.0579008
0.0561056
0.0543104
0.0561056
0.0632864
0.0704672
0.0704672
0.077648
0.0722624
0.0722624
0.068672
0.068672
0.0650816
0.0722624
0.0650816
0.0668768
0.0704672
0.0704672
0.068672
0.0614912
0.0668768
0.0668768
0.0632864
0.0650816
0.0758528
0.0704672
0.0668768
0.0668768
0.0525152
0.0543104
0.0525152
0.0489248
0.0435392
0.0489248
0.041744
0.0453344
0.0399488
0.0363584
0.0381536
0.05072
0.05072
0.0632864
0.0704672
0.0668768
0.0668768
0.0579008
0.0543104
0.0614912
0.0722624
0.0650816
0.0758528
0.0830336
0.0794432
0.0758528
0.0740576
0.068672
0.0668768
0.0668768
0.0668768
0.0740576
0.0632864
0.0614912
0.059696
0.0561056
0.0435392
0.0525152
0.0471296
0.0399488
0.041744
0.0435392
0.0363584
0.0309728
0.0381536
0.0381536
0.0435392
0.0525152
0.0543104
0.0453344
0.0453344
0.041744
0.032768
0.0363584
0.041744
0.0435392
0.0471296
0.0471296
0.0453344
0.041744
0.0399488
0.0363584
0.0435392
0.041744
0.0399488
0.041744
0.0381536
0.0453344
0.0543104
0.068672
0.068672
0.077648
0.0704672
0.0704672
0.0650816
0.0579008
0.0525152
0.05072
0.0453344
0.0489248
0.05072
0.0614912
0.0704672
0.0704672
0.0650816
0.0722624
0.059696
0.0614912
0.0650816
0.068672
0.0632864
0.0722624
0.0614912
0.059696
0.0614912
0.059696
0.0614912
0.0614912
0.059696
0.0614912
0.068672
0.0650816
0.0740576
0.0722624
0.0632864
0.0543104
0.0525152
0.041744
0.0471296
0.0453344
0.0543104
0.0525152
0.0632864
0.0668768
0.0704672
0.0722624
0.0704672
0.0668768
0.0668768
0.0740576
0.0722624
0.0812384
0.0758528
0.077648
0.0794432
0.0830336
0.0848288
0.0956
0.0902144
0.0848288
0.0794432
0.0794432
0.0704672
0.0668768
0.0668768
0.0668768
0.059696
0.0579008
0.0650816
0.0614912
0.059696
0.0543104
0.0632864
0.0489248
0.0453344
0.0435392
0.0381536
0.0345632
0.0381536
0.0453344
0.041744
0.0489248
0.0489248
0.0471296
0.0399488
0.0435392
0.05072
0.0489248
0.0543104
0.0650816
0.0650816
0.0668768
0.0704672
0.0704672
0.068672
0.0650816
0.0543104
0.0471296
0.0399488
0.0345632
0.0399488
0.0435392
0.0489248
0.0561056
0.059696
0.0614912
0.0579008
0.0543104
0.0543104
0.0561056
0.0453344
0.041744
0.0453344
0.0489248
0.0489248
0.0579008
0.0722624
0.068672
0.0668768
0.0579008
0.0525152
0.0525152
0.0543104
0.05072
0.0525152
0.0614912
0.0525152
0.0471296
0.0453344
0.05072
0.0453344
0.05072
0.0579008
0.0650816
0.0614912
0.0632864
0.0668768
0.068672
0.0668768
0.0740576
0.0794432
0.077648
0.0794432
0.0758528
0.0740576
0.0650816
0.0650816
0.0561056
0.0579008
0.0525152
0.05072
0.0525152
0.0614912
0.0614912
0.0650816
0.077648
0.0740576
0.0722624
0.0812384
0.0830336
0.0758528
0.0740576
0.0614912
0.0525152
0.0471296
0.05072
0.0579008
0.0722624
0.0740576
0.077648
0.0812384
0.0650816
0.0668768
0.0614912
0.0632864
0.0614912
0.0740576
0.0668768
0.0758528
0.0740576
0.0722624
0.0704672
0.0668768
0.0650816
0.059696
0.059696
0.0561056
0.0543104
0.0543104
0.059696
0.059696
0.059696
0.0632864
0.0668768
0.068672
0.0632864
0.0668768
0.0758528
0.068672
0.0722624
0.0812384
0.077648
0.068672
0.077648
0.077648
0.077648
0.086624
0.0920096
0.0920096
0.0902144
0.0902144
0.0830336
0.077648
0.077648
0.0758528
0.0758528
0.077648
0.077648
0.077648
0.0758528
0.0740576
0.0704672
0.0722624
0.0722624
0.0758528
0.0722624
0.0758528
0.0758528
0.0668768
0.0614912
0.059696
0.059696
0.0668768
0.059696
0.042272
0.002408
