3520
3585
3642
3699
3766
3831
3898
3967
4035
4106
4178
4250
4323
4397
4471
4545
4620
4695
4770
4845
4920
4994
5067
5139
5211
5284
5358
5429
5498
5572
5642
5714
5782
5852
7350
7401
7453
7512
7573
7636
7700
7766
7832
7898
7964
8029
8095
8161
8227
8292
8357
8422
8486
8551
8615
8678
8743
8807
8871
8935
8999
9063
9128
9193
9258
9323
9388
9453
9519
9584
9650
9717
9783
9851
9919
9987
10056
10125
10194
10264
10334
10404
10476
10547
10618
10691
10764
10839
10916
10996
11078
11159
11247
11334
11423
11511
11595
11679
11756
11843
11932
13032
13103
13173
13243
13317
13399
13481
13563
13645
13725
13817
13913
14007
14102
14203
14306
14410
14819
14893
14966
15035
15110
15191
15273
15356
15441
15525
15609
15693
15777
15860
15943
16024
16107
16187
16266
16344
16422
16499
16576
16652
16727
16800
16874
16949
17023
17097
17171
17244
17316
17390
17462
17533
17604
17676
17748
17821
18476
18546
18616
18688
18762
18838
18914
18991
19069
19148
19227
19308
19387
19468
19550
19634
19719
19800
19887
21742
21818
21904
21992
22081
22168
22256
22345
22433
22522
22611
22698
22785
22875
22964
23051
23138
23227
23317
23405
23494
23582
23672
23760
23849
23937
24027
24116
24204
24292
24380
24468
24556
24644
24733
24820
24907
24994
25081
25168
25255
25342
25430
25517
25604
25686
25775
25860
25943
26028
26114
26201
26289
26374
26460
26548
26635
26722
26809
26897
29319
29389
29467
29548
29631
29713
29793
29876
29957
30039
30120
30201
30283
30364
30446
30526
30606
30684
30762
30839
30917
30994
31070
31146
31223
31298
31376
31454
31531
31614
31693
31813
31939
32064
35247
35328
35410
35494
35581
35664
35750
35835
35921
36006
36093
36179
36264
36349
36435
36521
36607
36693
36780
36868
36955
37043
37131
37219
37307
37394
37483
37570
37658
37746
37833
37919
38006
38093
38180
38265
38352
38437
38524
38608
38693
38777
38862
38946
39030
39114
39198
39279
39366
39450
39536
39621
39705
39792
42169
42245
42322
42391
42470
42555
42650
42749
42852
44787
44857
44926
45009
45091
45177
45264
45351
45439
45526
45613
45701
45790
45877
45965
46053
46142
46241
46345
46447
46546
46641
46730
46819
46908
46998
47088
47177
47269
47360
47450
47542
47634
47726
47819
47913
48004
48097
48189
48283
48376
48471
48565
48661
48760
48856
48948
49043
49136
49229
49321
49411
49504
49596
49689
49780
49869
49964
50063
50163
50265
