0.254503
0.319403
0.330003
0.364444
0.36003
0.351204
0.355617
0.36003
0.364444
0.382096
0.38651
0.399749
0.399749
0.417402
0.399749
0.395336
0.382096
0.377683
0.37327
0.37327
0.355617
0.342378
0.36003
0.355617
0.37327
0.395336
0.404162
0.395336
0.382096
0.364444
0.382096
0.37327
0.390923
0.412989
0.421815
0.417402
0.421815
0.421815
0.399749
0.38651
0.364444
0.36003
0.342378
0.346791
0.364444
0.368857
0.37327
0.377683
0.390923
0.38651
0.395336
0.390923
0.38651
0.377683
0.37327
0.364444
0.368857
0.377683
0.382096
0.390923
0.390923
0.390923
0.38651
0.382096
0.38651
0.404162
0.421815
0.421815
0.439468
0.426228
0.426228
0.417402
0.417402
0.408576
0.426228
0.408576
0.412989
0.421815
0.421815
0.417402
0.399749
0.412989
0.412989
0.404162
0.408576
0.435055
0.421815
0.412989
0.412989
0.377683
0.382096
0.377683
0.368857
0.355617
0.368857
0.351204
0.36003
0.346791
0.337964
0.342378
0.37327
0.37327
0.404162
0.421815
0.412989
0.412989
0.390923
0.382096
0.399749
0.426228
0.408576
0.435055
0.452708
0.443881
0.435055
0.430642
0.417402
0.412989
0.412989
0.412989
0.430642
0.404162
0.399749
0.395336
0.38651
0.355617
0.377683
0.364444
0.346791
0.351204
0.355617
0.337964
0.324725
0.342378
0.342378
0.355617
0.377683
0.382096
0.36003
0.36003
0.351204
0.329138
0.337964
0.351204
0.355617
0.364444
0.364444
0.36003
0.351204
0.346791
0.337964
0.355617
0.351204
0.346791
0.351204
0.342378
0.36003
0.382096
0.417402
0.417402
0.439468
0.421815
0.421815
0.408576
0.390923
0.377683
0.37327
0.36003
0.368857
0.37327
0.399749
0.421815
0.421815
0.408576
0.426228
0.395336
0.399749
0.408576
0.417402
0.404162
0.426228
0.399749
0.395336
0.399749
0.395336
0.399749
0.399749
0.395336
0.399749
0.417402
0.408576
0.430642
0.426228
0.404162
0.382096
0.377683
0.351204
0.364444
0.36003
0.382096
0.377683
0.404162
0.412989
0.421815
0.426228
0.421815
0.412989
0.412989
0.430642
0.426228
0.448294
0.435055
0.439468
0.443881
0.452708
0.457121
0.4836
0.47036
0.457121
0.443881
0.443881
0.421815
0.412989
0.412989
0.412989
0.395336
0.390923
0.408576
0.399749
0.395336
0.382096
0.404162
0.368857
0.36003
0.355617
0.342378
0.333551
0.342378
0.36003
0.351204
0.368857
0.368857
0.364444
0.346791
0.355617
0.37327
0.368857
0.382096
0.408576
0.408576
0.412989
0.421815
0.421815
0.417402
0.408576
0.382096
0.364444
0.346791
0.333551
0.346791
0.355617
0.368857
0.38651
0.395336
0.399749
0.390923
0.382096
0.382096
0.38651
0.36003
0.351204
0.36003
0.368857
0.368857
0.390923
0.426228
0.417402
0.412989
0.390923
0.377683
0.377683
0.382096
0.37327
0.377683
0.399749
0.377683
0.364444
0.36003
0.37327
0.36003
0.37327
0.390923
0.408576
0.399749
0.404162
0.412989
0.417402
0.412989
0.430642
0.443881
0.439468
0.443881
0.435055
0.430642
0.408576
0.408576
0.38651
0.390923
0.377683
0.37327
0.377683
0.399749
0.399749
0.408576
0.439468
0.430642
0.426228
0.448294
0.452708
0.435055
0.430642
0.399749
0.377683
0.364444
0.37327
0.390923
0.426228
0.430642
0.439468
0.448294
0.408576
0.412989
0.399749
0.404162
0.399749
0.430642
0.412989
0.435055
0.430642
0.426228
0.421815
0.412989
0.408576
0.395336
0.395336
0.38651
0.382096
0.382096
0.395336
0.395336
0.395336
0.404162
0.412989
0.417402
0.404162
0.412989
0.435055
0.417402
0.426228
0.448294
0.439468
0.417402
0.439468
0.439468
0.439468
0.461534
0.474774
0.474774
0.47036
0.47036
0.452708
0.439468
0.439468
0.435055
0.435055
0.439468
0.439468
0.439468
0.435055
0.430642
0.421815
0.426228
0.426228
0.435055
0.426228
0.435055
0.435055
0.412989
0.399749
0.395336
0.395336
0.412989
0.395336
0.352502
0.254503
