0.037509
0.101803
0.29423
0.46362
0.50095
0.419438
0.485593
0.528457
0.539886
0.584862
0.566469
0.567632
0.572356
0.655413
0.657202
0.6606
0.640496
0.611342
0.597067
0.560299
0.55679
0.482455
0.474698
0.456846
0.42315
0.40431
0.394615
0.406843
0.383856
0.336317
0.305932
0.321012
0.14645
0.0630974
0.934061
0.469204
0.683957
0.961505
0.839553
0.691057
0.630838
0.631201
0.636306
0.652179
0.640027
0.629787
0.606377
0.595425
0.607595
0.56686
0.563855
0.562572
0.556952
0.530441
0.586181
0.527998
0.559248
0.546273
0.597475
0.604139
0.638983
0.574887
0.587745
0.543376
0.560442
0.593219
0.578073
0.608288
0.536533
0.598503
0.55074
0.578768
0.606566
0.615545
0.623576
0.647203
0.662636
0.580845
0.621874
0.609157
0.644066
0.606028
0.601566
0.621595
0.510619
0.432221
0.323474
0.245036
0.224564
0.193527
0.160357
0.143959
0.111363
0.0927807
0.0728225
0.0710982
0.0608679
0.0474844
0.020872
0.0289819
0.0286219
0.275481
0.133265
0.212042
0.269586
0.32371
0.3523
0.426143
0.443113
0.368028
0.272233
0.152954
0.11754
0.140623
0.116665
0.106713
0.0885462
0.0723972
0.195836
0.136718
0.223493
0.336378
0.449128
0.414676
0.437492
0.392703
0.397335
0.40703
0.38903
0.415069
0.413051
0.394505
0.415707
0.418169
0.413694
0.45434
0.491671
0.51865
0.531168
0.535178
0.590847
0.563825
0.608963
0.60907
0.598842
0.576674
0.580966
0.719685
0.731452
0.801676
0.825353
0.889078
0.849225
0.783992
0.729634
0.934225
0.541554
0.381046
0.348385
0.265708
0.390668
0.399837
0.435186
0.434642
0.433696
0.483005
0.48453
0.466071
0.442535
0.399509
0.388477
0.341441
0.320759
0.246763
0.132466
0.0945648
0.0435511
0.343475
0.31871
0.339064
0.333373
0.355379
0.392297
0.373375
0.374891
0.374338
0.358455
0.347835
0.33979
0.348457
0.363589
0.364227
0.355093
0.359161
0.379838
0.411931
0.392076
0.384964
0.395226
0.40001
0.382112
0.352959
0.348694
0.356402
0.357342
0.359923
0.345059
0.326419
0.325153
0.322633
0.325124
0.327985
0.312996
0.314989
0.334505
0.33538
0.324974
0.284351
0.281801
0.25788
0.244194
0.249851
0.223103
0.243304
0.21784
0.205593
0.18758
0.177951
0.202354
0.148204
0.0984417
0.0889131
0.0827504
0.0673699
0.0193456
0.0228177
0.0142767
0.637521
0.535949
0.54184
0.620122
0.664331
0.679686
0.619354
0.581819
0.526899
0.488431
0.439189
0.395453
0.364914
0.375519
0.359304
0.400056
0.455409
0.465298
0.486943
0.489493
0.505017
0.52237
0.513715
0.514488
0.547394
0.529584
0.525676
0.430286
0.266887
0.0795646
0.0662773
0.065724
0.0138245
0.0083835
0.482813
0.476421
0.485948
0.454441
0.455527
0.435479
0.399525
0.394525
0.372223
0.34689
0.329758
0.329604
0.324892
0.316883
0.322771
0.344749
0.39735
0.445291
0.443243
0.432393
0.349896
0.329223
0.351751
0.344909
0.348416
0.339326
0.345646
0.340943
0.338462
0.311964
0.311702
0.298714
0.304454
0.299467
0.314314
0.326936
0.333819
0.331377
0.340137
0.340827
0.334077
0.313593
0.307058
0.276191
0.263495
0.231041
0.198867
0.163974
0.163362
0.153939
0.134558
0.0886096
0.0918194
0.0825201
0.156014
0.0922136
0.127778
0.158796
0.134403
0.128175
0.0589171
0.0232262
0.0174993
0.433916
0.225576
0.408886
0.448304
0.444462
0.398586
0.36981
0.373042
0.384428
0.383288
0.383116
0.397118
0.405599
0.417191
0.389555
0.332486
0.207895
0.0834659
0.100201
0.11052
0.119315
0.124355
0.205725
0.254401
0.27028
0.271878
0.269081
0.272813
0.282307
0.287994
0.286035
0.277495
0.2857
0.275088
0.271912
0.277583
0.24337
0.239362
0.24647
0.241591
0.235445
0.234031
0.230502
0.228769
0.243027
0.234328
0.215657
0.197941
0.185018
0.212266
0.174862
0.156929
0.15413
0.153274
0.159149
0.129663
0.112689
0.108194
0.0726728
0.0451751
0.0362506
