1128
1231
1330
1452
1581
1710
1835
1963
2097
2225
2354
2480
2609
2736
2863
2986
3113
3240
3366
3492
3619
3745
3888
4002
4126
4255
4374
4497
4625
4746
4871
4996
5122
5250
5378
5506
5630
5753
5876
5998
6121
6246
6372
6488
6614
6730
6852
6967
7087
7199
7317
7427
7544
7655
7771
7881
7995
8105
8214
8319
8425
8530
8635
8739
8843
8945
9047
9149
9249
9349
9447
9546
9645
9744
9842
9941
10041
10144
10245
10347
10451
10555
10661
10767
10882
12304
12660
12981
13088
13200
13415
13632
13740
13847
13956
14065
14174
14286
14395
14507
14631
14789
16589
16695
16811
16930
17052
17177
17296
17427
19691
19794
19892
19998
20104
20212
20322
20433
20546
20659
20776
20895
21018
21143
21272
21408
21547
21691
21835
21986
22138
22288
22442
23815
24376
24556
24690
24822
24957
25095
25234
25376
25515
25656
25795
25942
26086
26234
26382
26530
26681
26828
26978
27126
27279
27432
27573
27715
29456
29566
29692
29827
29962
30102
30271
30420
30523
32138
32438
32676
32900
33120
33231
33340
33451
33563
33783
33892
34002
34111
34222
34332
34443
34554
34666
34779
34890
35005
35117
35231
35347
35461
35576
35690
35807
35928
36056
36844
36987
37289
37388
37501
37614
37727
37841
37956
38071
38190
38315
38441
38572
38704
38839
38974
39106
39243
39371
39487
39605
39701
40489
40567
40677
40797
40915
41035
41161
41300
41438
41565
41724
42588
42696
42824
42954
43083
43208
43338
43465
43594
43724
43855
43987
44122
44256
44395
44537
44680
44831
44986
45145
45327
45510
45712
45980
46323
46860
47267
