0
0
0
0
0
0
0
0
0
0
0
0
0
0
0
0
0
0
0
0
0
0
0
0
0
0
125
125
125
125
125.984
125.984
126.984
126.984
126.984
126.984
128
128
128
128
129.032
129.032
129.032
129.032
128
128
128
129.032
130.081
130.081
131.148
131.148
131.148
131.148
131.148
131.148
131.148
131.148
131.148
131.148
130.081
130.081
130.081
130.081
129.032
129.032
129.032
129.032
129.032
130.081
131.148
131.148
131.148
131.148
131.148
130.081
130.081
130.081
130.081
130.081
131.148
132.231
133.333
135.593
136.752
137.931
137.931
137.931
139.13
139.13
140.351
141.593
141.593
141.593
142.857
144.144
144.144
144.144
145.455
145.455
146.789
149.533
150.943
152.381
152.381
153.846
153.846
155.34
155.34
156.863
156.863
158.416
160
160
161.616
163.265
163.265
163.265
164.948
164.948
164.948
163.265
163.265
163.265
163.265
161.616
161.616
161.616
160
160
160
158.416
158.416
158.416
156.863
0
0
0
0
0
0
0
0
0
0
0
0
0
0
0
0
0
0
161.616
161.616
161.616
160
158.416
153.846
150.943
149.533
149.533
149.533
149.533
149.533
149.533
149.533
149.533
149.533
149.533
149.533
150.943
150.943
150.943
150.943
149.533
149.533
149.533
149.533
148.148
148.148
145.455
145.455
144.144
142.857
140.351
129.032
0
0
0
0
0
0
0
0
0
0
0
0
0
0
0
0
0
0
0
0
0
0
137.931
137.931
137.931
137.931
137.931
0
0
0
0
0
0
0
0
0
0
0
0
0
0
0
0
0
0
0
0
0
0
0
0
0
0
0
0
0
0
0
0
0
153.846
153.846
152.381
152.381
150.943
149.533
149.533
148.148
145.455
145.455
142.857
141.593
139.13
137.931
135.593
131.148
130.081
129.032
123.077
123.077
119.403
116.788
116.788
114.286
112.676
111.888
110.345
109.589
108.844
108.844
108.108
107.383
105.486
105.486
103.226
103.226
103.226
0
0
0
0
0
0
0
0
0
0
0
0
0
0
0
0
0
0
0
50.9554
121.212
121.212
121.212
121.212
121.212
119.403
119.403
117.647
117.647
116.788
115.942
115.942
115.942
115.108
115.108
115.108
115.108
114.286
114.286
112.676
111.888
111.111
110.345
110.345
109.589
109.589
108.844
108.844
108.108
108.108
108.108
108.108
108.844
108.844
108.844
108.844
108.844
109.589
109.589
109.589
0
0
0
0
0
0
0
0
0
0
0
0
0
0
0
0
0
0
0
0
0
0
0
0
0
0
120.301
120.301
120.301
120.301
120.301
118.519
118.519
118.519
113.475
112.676
0
0
0
0
0
0
0
0
0
0
0
0
0
0
0
0
0
0
0
0
0
0
0
57.3477
62.5
62.7451
115.287
145
145
145.455
145.455
145.455
145.455
145.455
146.789
146.789
146.789
146.789
146.789
146.789
146.789
146.789
148.148
148.148
148.148
148.148
148.148
146.789
146.789
146.789
146.789
145.455
145.455
144.144
144.144
144.144
142.857
142.857
142.857
142.857
142.857
142.857
142.857
142.857
142.857
142.857
142.857
142.857
142.857
142.857
140.351
0
0
0
0
0
0
0
0
0
0
0
0
0
0
0
0
142.857
142.857
142.857
142.857
142.857
142.857
141.593
141.593
141.593
140.351
139.13
134.454
134.454
131.148
128
128
124.031
123.077
122.137
121.212
120.301
120.301
121.212
122.137
123.077
124.031
124.031
124.031
0
0
0
0
0
0
0
0
0
0
0
0
0
136.752
136.752
135.593
135.593
135.593
135.593
135.593
134.454
133.333
128
128
122.137
122.137
122.137
0
0
0
0
0
0
0
0
0
0
125
125
125
125.984
125.984
125.984
125.984
125.984
125.984
125.984
125.984
125.984
125
125
124.031
124.031
124.031
123.077
122.137
121.212
120.301
119.403
117.647
116.788
115.942
114.286
112.676
111.111
108.108
106.667
102.564
102.564
101.266
101.266
97.616
88.8889
88.8889
88.3978
87.4317
87.4317
80.402
80.402
77.2122
74.9686
73.4311
72.0586
69.422
69.422
70.1754
70.1754
0
0
0
0
0
0
0
0
0
0
0
0
0
0
0
0
0
0
0
0
0
0
0
0
