0.102034
0.29423
0.46396
0.50095
0.50095
0.528457
0.541007
0.584862
0.584862
0.567632
0.655413
0.657202
0.66176
0.66176
0.641591
0.611603
0.598089
0.560539
0.55679
0.482455
0.474698
0.457058
0.42315
0.407037
0.407037
0.38405
0.336317
0.32116
0.32116
0.146754
0.961505
0.961505
0.961505
0.839553
0.691473
0.636306
0.652179
0.652179
0.640027
0.630144
0.607595
0.607595
0.56686
0.563855
0.562572
0.586181
0.586181
0.559248
0.597475
0.604139
0.638983
0.638983
0.587745
0.587745
0.593219
0.593219
0.608288
0.608288
0.598503
0.579077
0.606566
0.623899
0.647203
0.662636
0.662636
0.621874
0.621874
0.644066
0.644066
0.621595
0.621595
0.510619
0.432221
0.323474
0.245036
0.224564
0.193527
0.160357
0.143959
0.111398
0.0927807
0.0728225
0.0714537
0.0608679
0.0592579
0.0428359
0.0354306
0.0354306
0.444544
0.212042
0.269586
0.32371
0.352805
0.426754
0.444544
0.444544
0.369217
0.272643
0.152997
0.117818
0.140623
0.140623
0.117796
0.106713
0.0885462
0.0723972
0.0723972
0.449128
0.196687
0.336378
0.449128
0.449128
0.437492
0.437492
0.392841
0.397335
0.40703
0.40703
0.415211
0.415211
0.413192
0.415707
0.418783
0.418783
0.454511
0.491671
0.518855
0.531378
0.535178
0.590847
0.590847
0.608963
0.609344
0.609344
0.581221
0.720001
0.731452
0.801676
0.825735
0.889078
0.889078
0.849225
0.934225
0.934225
0.645262
0.381734
0.48453
0.390668
0.399837
0.435186
0.435367
0.435367
0.483005
0.48453
0.48453
0.466071
0.442535
0.399509
0.388477
0.341943
0.320759
0.248116
0.132466
0.0954377
0.047066
0.411931
0.339175
0.339175
0.353588
0.355379
0.392297
0.392297
0.374891
0.374891
0.374338
0.358455
0.347835
0.348902
0.363589
0.363589
0.364227
0.364227
0.359161
0.380301
0.411931
0.411931
0.392076
0.395349
0.40001
0.40001
0.382112
0.382112
0.352959
0.356508
0.357342
0.360035
0.360035
0.346028
0.326826
0.326067
0.322633
0.325124
0.327985
0.327985
0.314989
0.334505
0.33538
0.33538
0.324974
0.284442
0.281801
0.25796
0.244194
0.249851
0.249851
0.243304
0.243304
0.21784
0.205881
0.18758
0.202418
0.202418
0.148204
0.0984417
0.0889131
0.0827504
0.0731783
0.0388238
0.024692
0.0232723
0.679686
0.535949
0.54184
0.621033
0.664331
0.679686
0.679686
0.619587
0.581819
0.527092
0.488431
0.439351
0.396034
0.375656
0.375656
0.400056
0.455409
0.465482
0.487136
0.489692
0.505017
0.52237
0.52237
0.514488
0.547394
0.547394
0.529584
0.525676
0.430286
0.266887
0.079676
0.0663797
0.065724
0.0140381
0.0140381
0.00860761
0.485948
0.485948
0.485948
0.455672
0.455672
0.436089
0.400046
0.395712
0.372345
0.372345
0.347353
0.329758
0.329604
0.325
0.322876
0.345762
0.398518
0.4466
0.4466
0.444516
0.432393
0.349896
0.329223
0.351751
0.351751
0.348524
0.348524
0.345646
0.345646
0.341052
0.338462
0.311964
0.311702
0.298812
0.304842
0.304842
0.314314
0.327045
0.333819
0.333819
0.340137
0.340827
0.340827
0.334077
0.313593
0.307058
0.276191
0.263495
0.231357
0.198935
0.163974
0.163974
0.163362
0.153939
0.134558
0.10884
0.10884
0.117995
0.223131
0.108399
0.159512
0.159512
0.134403
0.128175
0.0809736
0.0483664
0.0254359
0.0230657
0.448304
0.408886
0.448304
0.448304
0.445099
0.398586
0.373161
0.384428
0.384428
0.384428
0.383288
0.397242
0.405722
0.417191
0.417191
0.389555
0.33259
0.207895
0.0855597
0.100201
0.110623
0.119315
0.119315
0.124355
0.205725
0.254478
0.27028
0.271878
0.271878
0.272813
0.282387
0.282387
0.287994
0.287994
0.286376
0.2857
0.2857
0.275088
0.277583
0.277583
0.243441
0.243441
0.246752
0.246752
0.241855
0.235445
0.234281
0.23107
0.23107
0.243027
0.243027
0.234328
0.215904
0.197994
0.197994
0.212266
0.212266
0.174912
0.156929
0.15413
0.153318
0.159193
0.159193
0.129663
0.112723
0.10831
0.0726728
0.0453504
0.0453504
