4.92269
1.97528
1.83675
1.53102
1.56155
1.62896
1.59412
1.56155
1.53102
1.42595
1.40324
1.34198
1.34198
1.27334
1.34198
1.36135
1.42595
1.44995
1.47538
1.47538
1.59412
1.70643
1.56155
1.59412
1.47538
1.36135
1.32356
1.36135
1.42595
1.53102
1.42595
1.47538
1.38174
1.2893
1.2581
1.27334
1.2581
1.2581
1.34198
1.40324
1.53102
1.56155
1.70643
1.6663
1.53102
1.50235
1.47538
1.44995
1.38174
1.40324
1.36135
1.38174
1.40324
1.44995
1.47538
1.53102
1.50235
1.44995
1.42595
1.38174
1.38174
1.38174
1.40324
1.42595
1.40324
1.32356
1.2581
1.2581
1.20336
1.24352
1.24352
1.27334
1.27334
1.30602
1.24352
1.30602
1.2893
1.2581
1.2581
1.27334
1.34198
1.2893
1.2893
1.32356
1.30602
1.21619
1.2581
1.2893
1.2893
1.44995
1.42595
1.44995
1.50235
1.59412
1.50235
1.62896
1.56155
1.6663
1.74966
1.70643
1.47538
1.47538
1.32356
1.2581
1.2893
1.2893
1.38174
1.42595
1.34198
1.24352
1.30602
1.21619
1.16786
1.19105
1.21619
1.22956
1.27334
1.2893
1.2893
1.2893
1.22956
1.32356
1.34198
1.36135
1.40324
1.59412
1.44995
1.53102
1.6663
1.62896
1.59412
1.74966
1.90209
1.70643
1.70643
1.59412
1.44995
1.42595
1.56155
1.56155
1.62896
1.84701
1.74966
1.62896
1.59412
1.53102
1.53102
1.56155
1.62896
1.6663
1.74966
1.59412
1.62896
1.6663
1.62896
1.70643
1.56155
1.42595
1.27334
1.27334
1.20336
1.2581
1.2581
1.30602
1.38174
1.44995
1.47538
1.56155
1.50235
1.47538
1.34198
1.2581
1.2581
1.30602
1.24352
1.36135
1.34198
1.30602
1.27334
1.32356
1.24352
1.34198
1.36135
1.34198
1.36135
1.34198
1.34198
1.36135
1.34198
1.27334
1.30602
1.22956
1.24352
1.32356
1.42595
1.44995
1.62896
1.53102
1.56155
1.42595
1.44995
1.32356
1.2893
1.2581
1.24352
1.2581
1.2893
1.2893
1.22956
1.24352
1.17923
1.21619
1.20336
1.19105
1.16786
1.15692
1.09909
1.12645
1.15692
1.19105
1.19105
1.2581
1.2893
1.2893
1.2893
1.36135
1.38174
1.30602
1.34198
1.36135
1.42595
1.32356
1.50235
1.56155
1.59412
1.70643
1.79638
1.70643
1.56155
1.62896
1.50235
1.50235
1.53102
1.6663
1.59412
1.47538
1.50235
1.42595
1.30602
1.30602
1.2893
1.2581
1.2581
1.27334
1.30602
1.42595
1.53102
1.6663
1.79638
1.6663
1.59412
1.50235
1.40324
1.36135
1.34198
1.38174
1.42595
1.42595
1.40324
1.56155
1.62896
1.56155
1.50235
1.50235
1.38174
1.24352
1.27334
1.2893
1.38174
1.44995
1.44995
1.42595
1.47538
1.44995
1.34198
1.44995
1.53102
1.56155
1.47538
1.56155
1.47538
1.38174
1.30602
1.34198
1.32356
1.2893
1.27334
1.2893
1.22956
1.19105
1.20336
1.19105
1.21619
1.22956
1.30602
1.30602
1.40324
1.38174
1.44995
1.47538
1.44995
1.34198
1.34198
1.30602
1.20336
1.22956
1.24352
1.17923
1.16786
1.21619
1.22956
1.34198
1.44995
1.53102
1.47538
1.38174
1.24352
1.22956
1.20336
1.17923
1.30602
1.2893
1.34198
1.32356
1.34198
1.22956
1.2893
1.21619
1.22956
1.24352
1.2581
1.2893
1.30602
1.36135
1.36135
1.40324
1.42595
1.42595
1.36135
1.36135
1.36135
1.32356
1.2893
1.27334
1.32356
1.2893
1.21619
1.27334
1.24352
1.17923
1.20336
1.27334
1.20336
1.20336
1.20336
1.14638
1.11701
1.11701
1.12645
1.12645
1.16786
1.20336
1.20336
1.21619
1.21619
1.20336
1.20336
1.20336
1.21619
1.22956
1.2581
1.24352
1.24352
1.21619
1.24352
1.21619
1.21619
1.2893
1.34198
1.36135
1.36135
1.2893
1.36135
1.61847
4.92269
